3004
3009
3013
3015
3016
3022
3029
3041
3043
3049
3052
3053
3057
3066
3067
3069
3070
3084
3089
3104
3140
3142
3156
3161
3191
3197
3198
3206
3209
3215
3229
3236
3243
3248
3270
3278
3306
3311
3312
3313
3323
3324
3329
3353
3366
3371
3382
3390
3395
3398
3422
3423
3434
3435
3438
3443
3448
3456
3483
3496
3506
3511
3524
3527
3549
3580
3599
3615
3621
3625
3642
3659
3660
3688
3701
3712
3714
3730
3739
3740
3744
3770
3771
3800
3801
3804
3820
3825
3839
3845
3846
3862
3867
3872
3876
3889
3901
3907
3918
3941
3949
3950
3955
3957
3969
3970
3978
3987
3992
4004
4011
4016
4027
4043
4045
4078
4090
4094
4103
4121
4125
4127
4137
4139
4140
4144
4148
4149
4156
4173
4181
4186
4188
4207
4213
4216
4232
4234
4239
4275
4277
4280
4282
4283
4295
4297
4301
4303
4310
4311
4315
4318
4331
4354
4356
4373
4377
4386
4387
4403
4416
4424
4435
4443
4444
4449
4464
4470
4472
4486
4490
4497
4500
4507
4511
4514
4539
4543
4545
4564
4582
4594
4596
4617
4622
4627
4638
4648
4655
4666
4679
4697
4698
4707
4721
4737
4738
4741
4769
4774
4781
4790
4802
4827
4845
4846
4859
4877
4886
4892
4897
4902
4905
4911
4919
4920
4929
4932
4939
4957
4960
4975
4977
4978
4979
4998
5009
5010
5014
5030
5031
5036
5043
5052
5054
5061
5065
5068
5085
5092
5093
5100
5115
5126
5127
5128
5135
5147
5212
5214
5220
5224
5239
5250
5257
5260
5271
5282
5284
5290
5297
5299
5307
5308
5311
5323
5349
5367
5377
5382
5384
5398
5407
5438
5446
5452
5454
5469
5474
5488
5492
5495
5506
5533
5546
5547
5549
5558
5559
5578
5583
5584
5588
5591
5598
5605
5607
5617
5624
5627
5628
5644
5665
5667
5673
5675
5696
5701
5708
5736
5748
5763
5777
5783
5785
5806
5809
5832
5843
5861
5864
5867
5886
5902
5912
5914
5917
5923
5933
5939
5946
5957
5966
5970
5973
5977
5983
5999
