0.4802 0.7249 
-0.0180 0.8279 
-0.6982 -0.8013 
0.2868 0.1658 
0.5779 0.9663 
0.3367 -0.1009 
0.8223 0.4249 
0.8885 0.3909 
0.3242 0.1032 
0.8068 0.2854 
-0.8687 -0.6541 
0.5676 0.3214 
0.7410 -0.2384 
-0.8906 0.6010 
0.8494 0.4228 
0.4722 0.2785 
0.6277 -0.8016 
0.3177 0.0073 
-0.4563 0.9143 
-0.3315 0.4486 
0.7049 0.2447 
0.7725 0.3650 
0.8797 0.6536 
-0.6850 0.3329 
-0.0093 -0.9393 
0.4038 0.9014 
0.8593 0.7772 
-0.5984 0.0826 
0.0829 0.8230 
0.4377 0.5627 
0.6102 0.5466 
0.5942 0.8151 
0.4084 0.4114 
0.2562 -0.2261 
0.5697 0.3917 
0.6333 -0.6030 
-0.0812 0.0384 
0.3201 0.9268 
-0.4215 0.6280 
-0.6156 0.4473 
-0.5168 0.8249 
-0.8032 -0.9310 
-0.5895 0.8003 
0.6369 0.7664 
-0.5619 0.8646 
0.8772 -0.4938 
0.5590 0.0532 
-0.9924 0.7483 
0.3647 0.0888 
-0.6786 0.9991 
0.0599 0.9614 
-0.8981 0.7257 
-0.2682 -0.5265 
-0.1854 0.4976 
0.1182 0.1984 
-0.3929 0.3955 
0.3350 0.9113 
-0.6056 0.4811 
0.7446 0.2883 
-0.7657 -0.0847 
0.8201 0.9679 
0.8547 -0.9093 
0.8891 0.4247 
0.8573 0.6550 
-0.5153 0.6811 
0.6962 0.7439 
0.3912 0.9155 
-0.7966 -0.3269 
-0.7746 0.8981 
0.5040 -0.9671 
-0.0969 0.6462 
0.1287 -0.0803 
0.0807 -0.3547 
0.7979 0.0394 
-0.6838 0.7758 
0.0222 0.4233 
0.5185 0.8547 
0.9009 0.8087 
-0.6548 0.7753 
0.5082 0.2389 
0.2646 -0.3405 
-0.9897 0.5410 
-0.3004 0.0265 
0.8706 0.8718 
0.4689 0.9603 
0.7624 0.3559 
-0.7046 0.6133 
0.5335 0.4103 
0.5459 0.4536 
-0.9287 0.8465 
0.4775 0.9355 
-0.6012 0.7169 
0.4794 0.8339 
-0.6350 -0.7055 
0.0869 0.1408 
0.8989 -0.2606 
0.9522 0.9936 
0.2564 -0.1373 
-0.9591 -0.0227 
0.5376 0.1954 
-0.8126 0.9156 
0.2210 0.8589 
-0.4627 -0.5016 
-0.0785 0.6402 
0.9195 0.7365 
-0.7985 0.3564 
0.1532 -0.0573 
-0.9723 0.3558 
0.6581 0.7109 
0.2815 0.5671 
0.5372 0.3845 
-0.7315 0.0139 
0.1819 0.7655 
-0.4911 0.9790 
0.2732 0.6673 
0.5508 0.9763 
0.8635 0.6551 
0.9986 -0.2790 
-0.3949 0.5131 
0.0170 -0.0728 
0.2268 0.5995 
-0.9973 0.1568 
0.0551 0.3662 
-0.1930 0.7424 
0.2445 0.8995 
-0.9871 0.6149 
-0.9115 0.4303 
-0.8974 0.7452 
-0.9193 0.6539 
-0.4891 0.6451 
0.6616 0.8054 
0.1212 0.9813 
0.2890 0.3188 
-0.1342 -0.2932 
-0.4978 0.4703 
0.2045 -0.6828 
0.0529 0.9483 
-0.6032 -0.5471 
-0.1417 0.7926 
-0.9988 0.5162 
0.8477 0.0960 
-0.3981 0.6336 
-0.4974 -0.9696 
0.1141 0.9030 
-0.0795 0.0436 
-0.7170 0.6097 
-0.6643 0.3074 
-0.4817 0.4702 
0.3996 0.8005 
0.4711 0.9168 
0.5852 0.2111 
0.8016 0.4495 
0.7443 0.4948 
-0.9157 0.2952 
0.4568 0.6994 
0.9160 0.4938 
0.7736 -0.0151 
-0.5001 0.8059 
-0.0420 0.7973 
0.6323 0.8752 
0.3763 0.9303 
-0.2700 0.9989 
-0.3918 0.4867 
-0.0018 0.6764 
-0.2024 0.9197 
0.6542 -0.3296 
0.6909 0.9903 
0.1105 0.6531 
0.8276 0.9714 
0.1100 0.8547 
0.2424 0.9005 
-0.6797 -0.1755 
0.6029 -0.6106 
-0.6977 0.3128 
-0.2562 0.1308 
-0.1951 -0.1070 
0.4206 0.2746 
0.4059 0.8655 
-0.9786 0.7580 
0.3650 0.2222 
0.5612 0.7274 
-0.3874 -0.8228 
0.3456 -0.9661 
-0.7446 0.3961 
-0.1369 0.2753 
0.6283 0.3260 
-0.2670 0.8431 
0.4744 0.6429 
0.9137 0.9844 
-0.4499 0.7426 
-0.9636 0.7337 
-0.8839 0.8581 
-0.7779 0.9495 
-0.8556 -0.0024 
-0.9503 -0.1022 
0.6556 0.4641 
-0.9825 0.9129 
0.2273 0.5007 
-0.8929 0.7364 
0.5093 0.0254 
-0.5422 0.7933 
-0.3071 0.9430 
-0.9213 -0.3368 
-0.2913 0.2623 
-0.0014 0.7151 
0.8024 0.7983 
0.7272 0.8871 
-0.2731 0.0434 
-0.9704 0.3319 
-0.8492 0.2060 
0.6994 -0.1721 
0.7214 0.9136 
0.9751 0.8013 
-0.0058 0.7454 
0.4356 0.5853 
-0.0028 0.8398 
-0.9853 0.8185 
0.3009 0.8380 
0.4063 0.2695 
-0.2154 -0.0356 
-0.7416 -0.9631 
0.5665 0.9500 
-0.0330 0.7344 
0.0936 0.9279 
0.0637 -0.9855 
-0.9544 0.7368 
-0.3651 -0.2509 
0.4627 -0.2596 
-0.1560 -0.9294 
0.5728 0.6927 
0.6936 -0.2197 
-0.9597 -0.6943 
-0.0661 0.2560 
-0.6955 0.7209 
0.6758 -0.9714 
0.7431 0.8313 
-0.9496 -0.5620 
0.9219 0.9399 
0.7562 0.4295 
-0.7784 0.8412 
-0.0239 -0.2276 
0.7810 0.5763 
0.4209 0.4834 
0.5789 0.3659 
-0.1604 0.1159 
0.3872 0.0465 
-0.7430 0.1549 
-0.3000 0.5763 
-0.6442 0.9981 
-0.8791 -0.7146 
0.0146 0.2061 
0.2220 0.1302 
-0.6416 0.6527 
-0.3847 -0.8022 
-0.2038 0.5962 
-0.3662 0.8484 
0.8392 -0.2373 
-0.1796 0.9476 
0.8315 0.9934 
-0.6200 -0.0518 
-0.9845 -0.8543 
-0.7222 -0.3413 
0.4580 -0.2144 
0.0663 -0.3799 
-0.4833 -0.1139 
-0.5781 0.9625 
-0.0839 0.6305 
0.2655 0.4021 
-0.7344 0.4505 
-0.7017 0.8641 
0.5455 -0.2991 
-0.0624 0.7967 
-0.9272 0.8314 
-0.1583 0.6375 
-0.6365 0.0836 
0.7352 -0.5011 
0.5456 0.7974 
0.6213 0.8764 
-0.4962 -0.4171 
-0.2647 -0.1841 
0.3221 0.7693 
-0.8105 0.5397 
0.2445 0.8565 
-0.2539 0.5349 
-0.8622 0.9524 
0.4733 0.5406 
0.5767 0.5893 
0.5137 0.0782 
0.3569 -0.7605 
0.5573 -0.7875 
0.4971 -0.7157 
0.6288 -0.1460 
-0.7382 0.5810 
-0.7447 -0.3357 
0.8494 0.7619 
0.2828 0.9529 
0.4436 0.0815 
-0.7690 -0.2520 
-0.3502 -0.5522 
-0.6056 -0.7061 
0.0950 0.5032 
-0.9400 -0.2187 
-0.4871 0.8828 
0.2159 0.7806 
-0.0874 0.1701 
0.8355 0.8477 
0.2713 -0.0957 
0.4815 0.5868 
-0.4100 0.4810 
-0.7134 -0.2973 
0.9538 0.7353 
0.7023 0.5840 
0.7551 0.9508 
-0.0736 0.4101 
0.1573 0.0807 
-0.3902 -0.5901 
-0.4010 0.8054 
-0.0209 -0.9381 
-0.1450 0.2270 
-0.6768 0.6717 
-0.2502 -0.2720 
0.5405 -0.3653 
-0.5603 0.8347 
-0.8743 -0.1835 
-0.2767 0.4360 
-0.6531 0.9080 
0.8460 0.9995 
-0.0190 0.3597 
-0.1743 0.5551 
0.0543 0.7085 
-0.7623 0.1556 
-0.3318 -0.2987 
-0.9525 0.8990 
0.7386 0.2696 
0.6959 0.9174 
0.2909 0.9265 
-0.9853 -0.0842 
-0.2753 -0.0597 
-0.7451 0.6629 
-0.1188 0.8223 
0.2488 0.2728 
-0.5229 0.1489 
-0.9710 -0.0109 
0.0114 -0.4169 
-0.5992 0.8601 
-0.1409 0.9322 
-0.8059 0.4421 
-0.8211 0.6362 
0.6561 -0.6526 
0.5217 -0.1724 
-0.4486 0.3937 
-0.1534 0.0644 
-0.4987 0.3618 
0.1519 0.9778 
0.4604 -0.0083 
0.7451 -0.7730 
0.7375 -0.8879 
0.0875 0.3649 
-0.9175 0.0300 
-0.8526 -0.5826 
0.5204 0.6269 
0.3492 0.7105 
0.9551 0.3107 
0.7696 -0.0616 
-0.8409 0.5682 
-0.3055 0.8746 
-0.9662 0.7945 
0.4207 0.4546 
0.7397 0.0132 
-0.7962 0.3249 
0.6653 0.5615 
-0.5921 0.8986 
-0.8762 0.8922 
0.1924 0.4324 
-0.2872 0.7172 
-0.5727 0.8696 
0.5759 0.7176 
-0.9929 0.7874 
0.5683 -0.0514 
-0.7398 0.8046 
0.9193 -0.6054 
0.3163 0.0876 
0.1262 -0.1838 
0.5745 0.4957 
-0.3196 0.0916 
-0.6521 0.7468 
-0.3733 -0.3196 
-0.6964 -0.5766 
-0.9914 0.5368 
-0.9235 0.1074 
-0.2112 0.6812 
-0.6318 0.1477 
0.9647 0.0919 
-0.7583 0.4619 
0.6129 -0.1236 
-0.5390 0.1704 
-0.0807 0.7075 
-0.9971 0.9562 
-0.5520 0.4973 
-0.4119 0.3750 
0.3569 -0.1138 
-0.6081 0.9314 
0.2087 0.9760 
0.1598 -0.2472 
-0.8246 -0.2445 
0.0287 0.6590 
-0.5479 0.2597 
-0.7470 0.9001 
0.9633 0.9114 
0.3013 -0.6602 
0.8058 0.5911 
0.2189 -0.7636 
0.7178 -0.3588 
-0.7974 0.0631 
0.2706 0.8617 
0.8088 0.2644 
-0.3532 0.6907 
0.3856 0.3762 
0.2088 0.8553 
0.3109 0.3761 
0.8048 0.2618 
0.8587 -0.3953 
0.3313 0.1568 
0.7944 0.1790 
0.7247 -0.2859 
-0.4631 -0.9769 
0.3330 0.3625 
-0.5699 -0.4578 
0.8977 0.6061 
0.7212 0.5169 
0.3402 0.5872 
-0.6770 -0.8635 
0.4925 0.9413 
0.7555 0.7316 
-0.7566 0.3047 
-0.8840 -0.0046 
0.7155 0.7914 
0.5777 0.8365 
0.4727 0.9044 
0.9636 0.6008 
0.7352 0.1283 
-0.8361 0.6570 
0.5488 0.9300 
-0.3235 -0.1316 
-0.9445 0.7920 
0.4303 0.1463 
-0.5038 0.4510 
-0.9743 0.9226 
0.4294 0.0112 
-0.3416 0.7445 
-0.6907 0.5744 
0.6441 0.9960 
-0.7201 0.8908 
0.3577 0.0192 
-0.9288 0.4083 
0.8236 -0.6007 
0.8072 0.9821 
-0.8569 0.9931 
0.4206 0.9985 
0.7230 0.9370 
-0.1970 0.3463 
-0.0319 0.8561 
0.0158 -0.7595 
-0.5645 0.0893 
-0.2249 0.8302 
0.8206 -0.6598 
-0.1924 0.5462 
0.5567 0.8674 
0.3723 0.8706 
-0.0230 0.4051 
0.3523 0.7762 
0.2812 0.9578 
-0.8413 0.6731 
-0.7628 -0.2199 
-0.5538 0.9030 
0.6365 0.2461 
-0.8356 0.9626 
-0.7078 0.8410 
0.3670 0.9633 
0.6892 0.4486 
-0.7499 0.9981 
0.2265 0.6100 
-0.4025 0.9175 
0.2415 0.9864 
0.0016 0.1876 
-0.7189 0.0249 
0.7922 -0.1267 
0.7502 0.3130 
-0.4650 0.3127 
-0.7269 -0.0352 
-0.2777 -0.7063 
0.3547 0.8029 
0.9939 0.6734 
0.1094 0.3073 
0.8487 -0.2351 
-0.6192 0.6385 
-0.3114 0.7984 
0.6368 0.5579 
-0.9959 -0.6806 
0.3533 0.5442 
0.1900 0.1426 
-0.9387 0.5713 
0.6219 -0.7963 
-0.3754 0.7473 
-0.9610 0.9696 
-0.0921 -0.9442 
0.4911 0.8948 
0.5590 0.8994 
-0.9238 -0.6060 
0.5967 0.5401 
0.9583 0.8501 
0.5566 -0.3317 
0.3123 0.9995 
0.6178 0.9203 
0.6048 0.8478 
-0.8077 0.7240 
0.8858 -0.1291 
-0.8300 0.8233 
0.9026 -0.0063 
0.8580 -0.2483 
-0.9564 0.8003 
-0.9476 0.3770 
0.8142 0.9145 
-0.4613 0.5228 
0.8732 0.9882 
0.6729 -0.9130 
-0.2154 0.8332 
-0.0123 0.5768 
0.3997 0.5230 
-0.1226 0.7800 
0.3380 -0.0360 
0.8272 -0.9086 
-0.0110 0.8939 
-0.0068 -0.1633 
0.7516 0.0785 
0.0263 0.2275 
0.9583 0.3477 
0.9770 -0.4325 
0.9984 0.8618 
0.0697 -0.3636 
-0.4986 -0.5758 
-0.5255 0.7336 
-0.4427 0.1838 
-0.8422 0.1221 
0.3267 0.7270 
-0.8618 0.6186 
-0.9614 0.9718 
-0.7759 0.3579 
-0.3988 -0.0712 
0.6814 0.7582 
0.2589 0.4333 
0.8851 -0.9844 
0.2969 0.0458 
0.4801 0.2352 
-0.2325 0.1094 
-0.3032 -0.4849 
0.7268 0.9191 
0.9951 -0.5939 
-0.8737 -0.1841 
0.7806 0.9908 
-0.1232 0.7587 
-0.6313 0.5927 
-0.4063 0.5531 
-0.3571 -0.9344 
-0.3942 -0.0831 
0.4665 0.2450 
-0.7006 0.8444 
0.0478 0.4363 
0.8766 0.0932 
0.6752 0.0478 
-0.5554 -0.7921 
0.9361 0.6195 
-0.3989 -0.1721 
0.8148 0.5999 
0.3200 0.9901 
0.3523 0.0565 
-0.8735 0.8482 
0.3057 0.4771 
-0.5930 0.2650 
0.8823 0.1805 
0.3337 0.5305 
-0.4454 0.6600 
-0.6482 0.1331 
0.1602 0.9959 
-0.6733 0.8978 
-0.4504 0.7036 
0.5852 -0.0673 
0.6230 0.8473 
0.0657 -0.0897 
-0.1650 0.3978 
-0.6714 0.7041 
-0.2302 0.6116 
0.4279 0.8336 
-0.1238 0.7475 
-0.8508 0.8886 
0.8248 0.3330 
-0.5717 -0.6639 
0.1987 0.3339 
-0.2041 0.1233 
0.0418 0.4936 
0.6521 -0.1488 
-0.1502 0.7719 
-0.9026 -0.1670 
-0.7732 0.6606 
-0.5565 0.3450 
-0.8353 0.9517 
-0.6320 0.0451 
0.7330 0.2719 
0.6736 -0.4034 
0.1147 -0.0658 
-0.1279 0.5715 
-0.3146 -0.1641 
0.7253 0.9117 
-0.4195 -0.8510 
0.5495 -0.5629 
-0.8627 0.5850 
-0.9801 0.0221 
0.2815 -0.1103 
-0.9816 -0.4088 
0.2730 0.7659 
-0.3706 0.3682 
0.6853 -0.9376 
-0.8691 0.8342 
-0.9065 0.8621 
0.7342 0.5748 
0.6029 0.9435 
-0.2932 0.4790 
0.1583 0.1931 
0.1839 -0.0389 
0.4967 0.1172 
-0.6949 0.1096 
0.7136 0.4343 
-0.7167 0.9988 
-0.6398 0.7160 
0.3111 0.9251 
0.2008 0.7468 
-0.7490 -0.4644 
-0.6203 0.7709 
0.5045 0.4877 
0.1641 -0.3207 
-0.3387 -0.5970 
0.8877 0.7494 
0.1704 0.9417 
0.9601 0.8375 
-0.6565 -0.0283 
0.7501 0.9797 
0.5481 0.5006 
0.0741 0.9610 
-0.8011 0.8561 
0.9418 0.8787 
0.5742 -0.0144 
-0.7109 -0.1076 
0.5521 0.2287 
-0.1553 0.9615 
0.4201 0.9322 
-0.9958 0.9911 
-0.8290 0.9072 
0.5672 -0.7475 
-0.8406 0.3005 
0.8852 0.6569 
0.3135 0.8316 
0.1231 0.3572 
-0.2697 0.9913 
0.0472 0.0731 
0.0593 0.2957 
0.6485 0.3088 
0.9227 -0.8847 
-0.9499 -0.0482 
0.1979 0.5518 
-0.6939 0.5724 
-0.9620 0.7962 
-0.9188 0.9215 
-0.2035 -0.0070 
0.9109 0.9065 
-0.5389 0.1721 
-0.8551 0.4983 
0.1789 0.5178 
0.8436 0.7075 
0.6054 0.8799 
-0.7291 0.7666 
0.2598 0.1059 
0.3310 0.8182 
-0.3535 0.9547 
-0.2262 -0.2776 
0.8764 -0.0945 
-0.0359 0.7813 
-0.3722 -0.5914 
-0.9751 0.5888 
-0.9202 0.4346 
-0.7612 0.8652 
-0.0594 -0.1062 
0.1439 0.8077 
-0.9804 -0.3969 
0.2886 0.8043 
0.1382 0.4265 
-0.2935 -0.8555 
0.6011 -0.2712 
0.9240 0.9946 
0.8071 0.7503 
0.5212 0.5139 
-0.1148 -0.0719 
-0.8193 0.2878 
0.2184 0.6682 
-0.3772 0.3185 
0.4151 0.6964 
0.6186 0.2919 
-0.6072 0.2254 
0.4462 0.4037 
0.9835 0.1452 
-0.9063 -0.1884 
-0.6724 0.7183 
0.4389 0.6774 
-0.9558 0.4254 
-0.1260 0.9683 
-0.2266 0.3764 
-0.9590 -0.3198 
0.4333 0.2651 
0.1711 0.9533 
0.5337 0.5409 
0.5443 -0.5275 
0.7996 0.6902 
-0.4494 0.9195 
-0.5343 -0.9422 
0.1849 0.5353 
0.5553 -0.1107 
0.8226 0.9905 
0.6102 0.8231 
0.8023 0.6239 
0.3671 0.9700 
0.0957 -0.5951 
-0.0985 -0.7526 
0.7920 -0.0111 
0.3912 0.5803 
-0.5373 0.0216 
-0.2777 0.9284 
-0.8522 0.0473 
-0.9991 0.2108 
0.5342 0.2672 
0.7141 0.7122 
0.7418 -0.3932 
-0.8738 0.9262 
0.5938 0.9998 
-0.1570 0.2843 
0.7252 0.5052 
-0.3558 0.4814 
-0.9337 0.8065 
-0.3724 0.4676 
0.7500 0.5767 
-0.6369 0.7098 
-0.1021 0.8085 
-0.8297 0.9047 
0.4900 -0.6970 
0.7949 0.0195 
-0.3212 0.2911 
0.7002 0.1289 
0.3710 -0.7141 
-0.3124 0.3758 
-0.8212 -0.4171 
-0.6579 -0.4642 
-0.3220 0.7120 
0.9975 0.6431 
-0.9283 0.7423 
-0.8675 0.1979 
0.5235 0.9307 
0.9450 0.2315 
0.2397 -0.8364 
0.9924 0.8901 
0.7335 0.5941 
-0.8663 -0.7604 
0.4876 0.3701 
0.3348 0.7188 
-0.6861 0.4938 
-0.9972 0.0794 
-0.2257 0.9499 
-0.5322 0.5463 
0.1911 -0.5774 
-0.8093 0.1408 
-0.9603 0.5736 
0.8419 0.8504 
-0.6599 0.6929 
0.5756 0.3206 
0.3721 0.3130 
0.6121 -0.0194 
0.1117 0.8900 
0.3303 0.8840 
0.7507 0.8045 
0.2905 0.6891 
0.5747 0.2181 
0.4373 0.3447 
0.6178 0.8230 
0.5862 -0.3842 
-0.3141 0.9844 
0.5382 0.9886 
0.5328 -0.3927 
-0.9065 -0.8596 
0.0343 0.7517 
-0.5583 -0.3156 
0.1091 0.9192 
-0.7304 0.1626 
0.8542 0.8424 
-0.6151 0.2489 
0.0645 0.9479 
0.7914 0.2616 
0.5129 0.2960 
-0.5122 0.9876 
-0.1710 -0.0004 
-0.1973 0.6942 
0.7214 0.3442 
-0.4745 0.6970 
-0.7233 0.2256 
0.2871 -0.2158 
0.5960 0.1354 
-0.1544 0.6182 
0.6388 -0.4986 
-0.0175 -0.0336 
0.1322 0.1271 
0.3585 0.2336 
-0.7321 0.8987 
-0.3556 0.7246 
0.6700 0.5278 
-0.3543 0.7502 
-0.9690 -0.0036 
0.5923 0.4152 
0.1714 -0.1948 
0.4027 -0.1601 
0.5200 0.7328 
0.4159 0.2675 
-0.8262 0.8702 
0.1931 -0.3065 
-0.2804 0.8666 
0.4975 -0.8004 
-0.5869 0.7113 
0.9136 0.9898 
0.9245 0.6692 
-0.8627 0.8335 
-0.0425 0.9094 
0.8510 0.9521 
0.3895 0.9640 
-0.8148 -0.8997 
0.1014 0.4009 
0.4648 -0.1232 
-0.4689 0.8513 
-0.7830 0.3429 
-0.0048 0.5747 
0.9242 -0.1971 
0.2867 0.8443 
-0.9850 0.9680 
-0.8708 0.9620 
0.7689 -0.4426 
0.6060 -0.2143 
-0.7009 -0.7973 
-0.0994 -0.5941 
0.1736 0.2989 
-0.2536 0.4320 
0.9761 0.5835 
0.8729 0.8984 
-0.8345 0.6161 
0.8919 0.9775 
-0.0945 0.7518 
0.6800 0.7757 
-0.4024 0.4973 
-0.0739 -0.4200 
0.5588 0.9085 
0.6271 -0.7146 
0.9879 0.6224 
-0.2056 0.9442 
0.0293 -0.5805 
-0.0881 -0.1492 
-0.5372 0.0623 
0.3381 0.8783 
0.2678 -0.2697 
0.2631 0.6359 
0.9575 0.9207 
-0.8657 0.9721 
0.9325 -0.4950 
0.4136 -0.1138 
0.2477 0.6963 
-0.9713 -0.3289 
-0.0296 -0.6431 
0.5793 0.9772 
0.2480 0.3156 
0.5173 0.8610 
-0.5778 0.7482 
-0.8752 0.1498 
0.5192 0.9340 
0.0872 -0.4778 
0.5561 0.6111 
-0.0272 0.8963 
0.6737 0.6188 
0.5139 -0.0645 
0.6047 0.5807 
0.5905 0.3779 
-0.4451 -0.7208 
0.5206 -0.6160 
-0.9996 -0.1811 
0.7649 0.8026 
-0.9330 0.9404 
-0.9487 0.6016 
0.8579 0.9106 
0.1717 -0.9669 
0.2539 -0.3083 
-0.1806 0.2124 
-0.0760 0.5113 
0.2611 0.8135 
-0.1619 -0.2497 
-0.8066 -0.5326 
0.1625 0.9108 
-0.9564 0.9548 
-0.0677 0.9494 
0.0469 0.4785 
-0.1525 0.8264 
0.5994 0.6780 
0.9755 0.3910 
-0.5117 0.9961 
0.2322 -0.0973 
0.9351 0.6970 
-0.7378 0.9902 
-0.4260 0.5434 
-0.7881 0.7666 
0.7186 0.2194 
-0.8781 0.8498 
0.7534 -0.7989 
-0.3129 -0.4684 
0.7691 0.6368 
-0.8696 0.4526 
-0.2332 0.2518 
-0.6741 0.5338 
-0.9161 0.8517 
-0.4589 -0.4627 
-0.9572 0.9321 
-0.7179 0.7189 
-0.1627 0.9235 
-0.1610 0.3951 
0.1468 -0.0798 
0.0356 0.3985 
-0.4388 -0.1252 
-0.7832 0.9895 
-0.6816 0.4024 
0.5547 0.8736 
-0.1006 0.9428 
0.1908 0.1702 
0.5254 0.5930 
0.7148 0.9395 
0.3788 -0.2288 
-0.9121 0.5750 
-0.0025 0.6117 
0.4096 -0.2536 
0.4892 0.3198 
0.7998 0.2673 
-0.9771 0.6829 
-0.4246 0.3148 
-0.1220 0.5736 
-0.3206 -0.1770 
-0.6555 0.9383 
0.7576 0.6367 
-0.2441 0.3810 
0.7021 0.8206 
0.3587 0.9085 
-0.8030 -0.9665 
0.8510 0.9666 
-0.4811 0.7772 
0.4709 0.6184 
0.2463 0.5993 
0.7375 -0.2688 
0.6939 0.6669 
-0.8619 0.4019 
-0.9168 0.9954 
0.7052 0.1905 
-0.8491 0.5106 
-0.8665 0.4112 
0.7220 0.2708 
-0.1000 0.6637 
-0.5568 0.7963 
-0.3250 0.1456 
0.6675 -0.7424 
-0.7574 0.7148 
0.7596 0.8691 
0.7498 0.1177 
0.0669 0.2777 
0.1579 0.8185 
-0.2265 0.3287 
-0.7265 0.9645 
-0.1250 0.7328 
0.4637 0.1565 
-0.5729 0.6818 
0.6189 0.9783 
-0.5788 0.4519 
-0.4544 0.9560 
0.4434 0.8687 
0.4993 0.7915 
-0.1241 0.2661 
-0.8562 0.1777 
0.5666 0.7314 
0.2606 -0.0305 
-0.5964 -0.4617 
-0.1598 -0.2636 
-0.1499 -0.1677 
-0.5902 -0.2804 
0.7711 0.8187 
0.2960 0.7624 
-0.9676 -0.0123 
-0.3941 0.9605 
0.8486 -0.8580 
-0.6861 0.0816 
0.0414 -0.2966 
-0.9702 0.9729 
0.7939 0.5585 
-0.3905 0.8854 
0.5480 0.6911 
0.5362 0.6609 
-0.9360 0.6288 
0.3231 0.3194 
0.7801 0.6215 
-0.6278 -0.0016 
0.3808 -0.1413 
0.3710 0.8282 
-0.8563 0.1940 
0.0579 0.5456 
0.4167 0.1883 
-0.8943 0.7257 
0.4418 0.9374 
0.7043 0.4722 
-0.2175 0.9108 
-0.3261 0.7470 
-0.7655 -0.1480 
-0.9974 0.7596 
0.6555 0.5687 
-0.2175 -0.8305 
-0.7838 0.7765 
0.3845 0.5613 
-0.3441 0.5016 
-0.4596 0.9256 
-0.4519 0.8838 
0.2751 0.7919 
-0.6768 0.0197 
0.6752 -0.3194 
0.8409 0.6227 
0.7062 0.6216 
0.4545 0.5614 
-0.8039 -0.4484 
0.5899 0.4462 
0.6627 0.9423 
0.2706 0.8921 
-0.7636 0.3092 
0.1193 0.6655 
0.3324 0.4450 
0.0511 0.0554 
-0.9666 -0.0947 
-0.6675 0.9042 
-0.3979 0.8763 
0.0360 -0.4580 
0.8774 0.1316 
-0.7661 0.4800 
0.3391 0.8189 
-0.9147 0.4980 
0.2931 0.8476 
0.6343 0.1011 
-0.0860 0.9304 
-0.7272 0.9575 
-0.3668 0.9134 
-0.4864 0.3603 
-0.4256 0.9652 
-0.6733 0.7654 
-0.4134 0.4154 
0.2271 0.9713 
0.0964 0.9166 
-0.3102 0.9444 
0.9722 0.2381 
0.2720 -0.9559 
-0.6549 -0.6206 
-0.8186 0.0973 
0.3146 0.4377 
0.1432 0.5467 
-0.6260 0.7844 
-0.3416 -0.8371 
0.0890 0.5114 
-0.9708 0.8662 
-0.1608 -0.0155 
0.9444 -0.0854 
-0.9001 0.2062 
0.4858 0.8884 
0.4001 -0.2928 
-0.1440 -0.0493 
0.9042 -0.1813 
0.9254 0.5478 
-0.2046 0.1460 
0.1819 0.5830 
0.7742 0.8251 
0.0002 0.9192 
-0.5946 0.9191 
-0.7416 -0.8769 
0.3773 0.4107 
0.3551 -0.9423 
0.6606 0.9038 
-0.2487 0.0909 
-0.7214 0.7254 
-0.4939 0.9349 
-0.9395 -0.6745 
0.9829 0.5609 
0.3765 -0.1587 
0.6351 0.9553 
-0.3774 0.8584 
-0.3428 0.4565 
0.3817 0.9480 
0.4712 0.8730 
0.4892 0.7701 
-0.6489 0.0155 
-0.0379 0.3360 
-0.9601 -0.6928 
0.0580 0.4454 
-0.1690 0.8246 
-0.9921 -0.9907 
-0.1764 0.0517 
-0.2537 -0.0690 
0.9365 0.3032 
0.5964 0.9395 
-0.7790 -0.1331 
0.0293 0.4062 
-0.2133 0.9562 
0.1963 0.9815 
-0.7236 -0.9187 
-0.6753 0.6010 
-0.1894 0.5690 
0.8647 -0.7579 
0.4149 0.6367 
0.5656 -0.3447 
-0.9348 0.3552 
0.0919 0.5939 
0.1193 0.9876 
-0.3789 0.7915 
-0.0311 0.5136 
0.2316 0.2952 
0.3801 -0.0631 
0.6752 0.3928 
0.6112 0.5186 
0.7959 0.6142 
0.4811 0.3717 
0.9078 -0.3580 
-0.9483 0.9548 
-0.1602 0.8973 
0.1445 0.9296 
-0.5073 0.8866 
0.7244 0.9142 
-0.3130 0.6895 
-0.5965 0.9652 
-0.6823 0.7410 
0.8057 0.6582 
0.6278 0.9694 
-0.3226 0.8638 
-0.9340 0.6116 
-0.9360 0.8245 
-0.5470 0.6753 
0.4013 0.5655 
-0.5900 0.9718 
-0.0876 0.6091 
0.8185 0.7295 
0.6096 -0.5729 
0.6520 0.7909 
0.6076 0.8350 
0.3449 -0.0871 
0.9465 0.3313 
0.7647 0.9788 
0.4550 0.8575 
-0.6759 0.0803 
0.5832 0.4952 
-0.9742 0.5574 
-0.9208 -0.6142 
0.5473 -0.4887 
0.6321 -0.4733 
-0.0260 -0.6532 
0.9082 -0.4963 
0.9920 0.7487 
0.7215 -0.0152 
-0.8751 0.4527 
0.3926 0.9330 
-0.1253 0.9689 
0.2731 0.7958 
-0.1113 0.1091 
-0.1143 -0.0026 
-0.5704 0.8010 
-0.3191 -0.2156 
-0.4626 0.0159 
-0.6246 0.7467 
0.7512 0.5615 
0.6431 -0.3058 
-0.4897 0.6718 
0.4683 -0.3677 
0.0537 0.2763 
0.1105 0.5229 
-0.3352 -0.8447 
-0.6561 0.4433 
-0.7751 0.5483 
-0.4197 0.5111 
-0.6929 0.9983 
0.5121 0.8986 
-0.3767 -0.6292 
0.0034 -0.6935 
-0.4178 0.9931 
-0.9967 -0.8704 
0.5301 0.3077 
0.0187 0.5136 
0.9521 0.9384 
0.6182 0.2064 
0.1775 -0.0575 
0.8292 0.3826 
0.9233 -0.6131 
0.5665 0.3318 
-0.4671 0.2902 
0.4096 0.9540 
0.9290 0.7752 
-0.0017 0.5172 
-0.6192 0.5375 
0.6266 -0.0041 
0.2349 -0.2202 
-0.3992 0.8210 
-0.8799 0.2698 
0.8064 0.8352 
0.7285 0.3843 
0.3285 0.2521 
-0.4060 -0.2346 
-0.2059 0.4577 
-0.1158 -0.8578 
-0.3924 0.3529 
-0.2065 0.5007 
-0.2297 -0.9054 
0.6378 -0.0510 
-0.6510 0.7878 
-0.5221 0.5864 
0.1307 -0.8292 
0.5088 0.9016 
-0.9576 0.2699 
0.5385 0.9639 
-0.8698 -0.0672 
-0.3358 -0.3319 
-0.5305 -0.6260 
-0.0822 0.0300 
0.1389 0.1758 
-0.2514 -0.4240 
-0.7919 0.1824 
-0.2540 0.7685 
0.7451 0.5623 
0.1469 0.4615 
0.8014 0.0718 
-0.0553 0.5146 
-0.2298 -0.5203 
0.8376 -0.5052 
0.8679 0.5234 
0.4803 0.3689 
-0.9041 0.3773 
0.2728 0.0191 
0.9958 0.9758 
0.4000 0.1595 
-0.1884 0.6327 
-0.1496 0.7571 
-0.5356 0.1200 
0.9691 0.8732 
0.5691 0.8124 
0.6502 0.1791 
-0.9507 0.1170 
0.5809 0.7977 
-0.5924 0.7568 
0.9478 0.7592 
-0.4915 0.9657 
-0.0785 0.1859 
0.6183 0.0671 
-0.7929 -0.8632 
-0.0529 0.7701 
-0.7971 0.7655 
0.7604 0.1051 
-0.9938 0.4274 
-0.5003 0.5225 
-0.3691 0.6334 
-0.6351 0.7869 
-0.8160 -0.0008 
-0.9391 0.5411 
0.7354 0.6280 
-0.9829 0.9531 
0.0984 0.3965 
0.7700 0.5157 
-0.2070 -0.0372 
-0.0868 0.0392 
-0.5084 0.9779 
-0.4553 0.6563 
-0.6961 0.7625 
0.4601 -0.3247 
0.8413 0.8040 
-0.6872 -0.3746 
0.9316 0.9339 
0.4338 0.6714 
-0.3001 0.7379 
-0.4662 0.8403 
0.9899 0.8522 
-0.9257 0.4143 
0.9137 0.3982 
-0.6817 0.6499 
0.4698 0.7964 
-0.2837 0.9852 
0.5707 0.7331 
-0.5418 0.9719 
-0.8196 -0.8688 
0.0977 0.6665 
-0.9092 0.3264 
-0.2605 0.4010 
-0.7214 0.6106 
-0.5799 0.3053 
-0.7979 0.8642 
-0.8347 0.1195 
0.6786 0.9833 
-0.7973 0.5728 
-0.0465 0.8754 
-0.5237 0.7792 
0.3013 0.5986 
0.6806 0.2101 
-0.6759 0.0736 
0.5372 0.5288 
0.2350 -0.0657 
-0.7832 -0.0586 
-0.4975 -0.0716 
-0.4833 -0.3291 
0.0034 -0.0889 
-0.7362 0.6567 
-0.1374 0.9946 
0.2980 0.3605 
0.5966 0.8255 
-0.0214 -0.1669 
0.9200 0.8233 
-0.7717 -0.5111 
0.4495 0.6324 
0.2967 -0.4363 
0.3334 0.8023 
-0.8283 0.7592 
0.5750 0.6876 
0.9072 -0.8931 
0.1613 -0.2762 
-0.1088 -0.3986 
-0.8883 0.4553 
0.7898 0.2140 
0.5851 0.2305 
0.8419 0.6399 
-0.1780 0.8613 
-0.1427 0.3261 
0.8009 -0.4956 
0.0010 0.0779 
0.9939 0.8555 
0.7720 0.0585 
-0.8574 0.9756 
0.2554 0.7551 
-0.1883 0.8418 
-0.3079 0.8666 
-0.1688 0.3705 
-0.3418 -0.1767 
0.4936 0.1242 
0.5304 0.7117 
0.6420 -0.2647 
0.0918 0.3120 
0.4063 0.7403 
-0.5163 0.7410 
0.2970 0.6778 
0.9006 0.2935 
-0.1178 0.3268 
-0.6621 -0.0263 
0.7849 0.4348 
0.4651 0.5608 
0.4718 -0.5019 
0.3037 0.9378 
0.1072 -0.1424 
-0.8359 0.5570 
-0.1001 0.8833 
-0.1847 0.0804 
-0.9561 0.0726 
0.9467 -0.3960 
-0.7126 0.3526 
0.0219 0.6247 
0.6676 0.9296 
0.5077 0.7125 
-0.9343 0.2449 
-0.8104 0.6231 
-0.7432 0.9389 
-0.5215 0.6745 
-0.9842 0.8696 
0.9521 0.9598 
-0.4922 -0.5894 
0.7565 0.9023 
-0.3670 0.6564 
0.9985 0.4688 
-0.2816 0.1404 
0.2839 0.7952 
0.3022 0.2900 
-0.9899 0.8921 
-0.0100 -0.7921 
0.3188 0.4671 
0.2614 0.8126 
0.1647 0.7200 
0.2957 -0.2099 
0.0094 -0.6865 
0.3814 0.0100 
0.4074 0.1955 
-0.6492 -0.0461 
0.4434 0.7538 
-0.2947 -0.4671 
0.1908 0.1615 
0.6241 0.6372 
0.3742 0.6440 
-0.8590 0.6718 
-0.8333 0.5984 
-0.4487 -0.3005 
0.3369 0.0549 
-0.6330 0.8660 
0.4680 0.8808 
-0.9482 0.0605 
-0.9009 0.3414 
-0.6167 0.4923 
0.8146 0.9545 
0.2838 -0.4253 
0.0343 0.7565 
0.1899 -0.0449 
0.0607 0.6888 
-0.6186 0.9589 
0.7377 0.0285 
0.8526 -0.0062 
-0.8544 -0.9057 
-0.0628 0.5861 
-0.3851 0.9825 
0.2180 0.8814 
0.4805 0.1150 
-0.8380 -0.3735 
-0.8100 -0.2753 
0.2947 -0.1748 
-0.2090 0.5496 
-0.8669 0.2052 
-0.7297 0.8515 
-0.9293 0.5451 
0.8753 0.2245 
0.8500 0.2375 
0.8547 0.7670 
-0.1780 0.8820 
0.0664 0.3677 
-0.2145 -0.5316 
-0.4835 -0.2093 
0.1619 0.6402 
0.2450 0.5691 
-0.6086 0.5030 
0.9333 -0.5085 
-0.4803 0.4402 
0.4906 -0.0992 
-0.7511 0.4048 
0.3065 0.0915 
-0.1916 0.6252 
0.1831 0.3422 
0.4029 0.1036 
0.9295 0.9234 
-0.8298 0.7525 
-0.3988 0.2610 
-0.0578 -0.3741 
-0.8770 0.6024 
0.9356 0.8201 
-0.1648 0.8784 
0.1629 0.8868 
-0.9144 0.7471 
-0.7231 -0.1541 
0.0587 0.8192 
0.3838 0.8985 
-0.5068 0.7806 
0.1406 0.6246 
-0.1423 0.2980 
-0.5477 -0.3249 
-0.3290 -0.9779 
-0.6881 0.7128 
0.3385 0.2709 
-0.6530 -0.2133 
0.8711 0.8173 
0.5251 0.9237 
0.4321 0.8166 
-0.9261 -0.2275 
-0.7290 0.6146 
0.4261 0.4202 
-0.9790 0.3620 
0.2741 -0.4620 
-0.2366 -0.1495 
-0.0662 0.2529 
0.5482 0.5122 
0.3180 -0.6790 
0.9058 0.9932 
-0.7618 0.7033 
-0.1575 0.8430 
0.2959 0.5052 
0.3805 0.5420 
0.8779 0.8869 
0.8295 0.4378 
-0.4183 -0.7667 
-0.8793 0.7442 
-0.1393 -0.5986 
-0.0669 0.9657 
-0.6453 0.3248 
0.0892 0.7204 
-0.4760 0.4203 
-0.3104 -0.7355 
-0.7477 -0.3535 
0.8625 -0.1117 
-0.5475 0.8131 
0.6904 0.3006 
0.0103 0.8744 
-0.6173 0.8514 
-0.7251 0.2405 
0.9492 0.4375 
0.9032 0.7424 
0.3627 -0.8048 
0.7054 0.9738 
-0.6270 0.4331 
-0.6322 -0.8976 
-0.5152 0.4746 
0.8249 0.9337 
0.3403 -0.0093 
-0.6577 0.8630 
0.7042 0.7396 
-0.8852 0.9997 
0.7842 0.6546 
-0.8508 -0.1304 
-0.1261 0.9182 
0.3078 -0.6583 
-0.9486 0.0518 
-0.4053 0.7116 
0.1615 0.7325 
0.9771 0.3678 
-0.0295 0.4218 
0.2376 0.8134 
-0.4611 -0.8428 
-0.9965 0.3479 
0.7242 0.1156 
-0.9923 0.3214 
0.4384 0.2916 
-0.8414 0.4448 
0.4541 0.6568 
0.7484 -0.3943 
0.1094 -0.8600 
-0.9397 0.9373 
-0.8917 -0.7290 
0.7167 -0.3065 
-0.9918 0.7646 
-0.3585 0.7260 
0.4449 0.5520 
-0.2540 -0.1114 
-0.8358 0.5237 
0.2415 -0.4901 
-0.4606 -0.7439 
0.1193 0.5860 
0.2946 0.7486 
0.9109 0.9671 
0.4935 0.2019 
0.7199 0.1396 
0.8839 0.3153 
-0.5902 0.7519 
-0.7999 0.3131 
-0.9345 0.0855 
-0.8741 0.7548 
0.7415 0.8217 
-0.8623 0.5688 
0.3122 -0.4057 
0.5710 0.7719 
0.4869 0.5402 
-0.0183 0.3975 
-0.2811 0.9276 
0.0767 -0.0242 
-0.2933 -0.6606 
-0.1665 -0.8546 
0.5562 -0.1483 
0.7033 0.2065 
0.9270 0.9495 
-0.9536 0.3451 
-0.3370 0.6340 
0.8512 -0.5274 
0.9975 0.9716 
0.9181 0.2971 
0.4306 0.5858 
0.6258 0.2595 
0.5752 -0.3537 
-0.9438 0.6509 
-0.0027 0.4674 
0.1577 0.5879 
-0.4713 0.3124 
-0.3682 0.5268 
-0.6037 0.9069 
-0.2692 0.4716 
0.4622 0.1433 
0.3585 0.9721 
0.4302 0.9216 
-0.9644 0.4507 
-0.3766 0.4156 
-0.5695 0.8201 
-0.1225 0.3461 
0.8219 0.4662 
-0.6035 0.3080 
0.9137 -0.3581 
-0.9640 0.6810 
-0.3358 -0.3171 
0.2680 0.9692 
-0.9254 -0.2540 
0.2470 0.6122 
0.5114 -0.0925 
0.7474 0.2356 
-0.8602 0.2670 
-0.6463 0.8330 
-0.2781 0.9540 
-0.0979 0.9882 
0.0233 -0.2750 
-0.2619 0.9593 
-0.8495 0.1641 
0.2310 0.8124 
-0.0873 -0.5610 
-0.9144 0.6647 
-0.9059 0.5349 
-0.9931 -0.3801 
0.6056 0.6843 
0.3810 -0.3921 
-0.7735 0.3543 
-0.7424 0.1708 
0.5106 0.0737 
0.9509 0.3088 
-0.6775 -0.9355 
0.0336 0.2452 
0.1136 0.3572 
0.3305 -0.2426 
-0.1819 0.7491 
0.0434 0.7587 
-0.6219 0.8995 
-0.9928 0.7978 
-0.9592 0.8319 
0.5029 -0.4266 
-0.5101 0.7119 
-0.9922 -0.4574 
0.1882 0.1636 
-0.5365 -0.2542 
-0.3352 -0.3152 
-0.6945 0.6179 
0.4641 0.5287 
0.5570 0.3745 
0.7338 0.4760 
0.5213 0.8568 
0.4994 0.8057 
0.1899 0.8478 
0.5914 0.2566 
-0.1311 0.0535 
0.8538 -0.8300 
-0.0039 0.7059 
-0.8453 0.9276 
-0.3698 0.0213 
0.5544 0.6133 
-0.4810 0.4130 
0.8003 0.4908 
0.2701 0.6489 
0.2323 0.7456 
-0.4617 -0.0266 
0.8231 0.8380 
-0.0874 -0.3779 
0.2970 0.5131 
0.2452 -0.9681 
-0.3165 0.3254 
0.6026 0.7755 
0.8344 0.4156 
-0.2662 0.9396 
0.5601 0.6246 
0.6437 0.6873 
0.3087 0.8007 
0.5452 0.7044 
0.5490 0.5998 
-0.7845 0.6373 
-0.1045 0.8179 
-0.5576 0.7874 
0.9709 -0.1297 
-0.3479 0.6145 
-0.8417 -0.8327 
-0.8685 0.7972 
0.8399 0.9069 
-0.7962 0.3815 
-0.8015 0.2251 
0.2196 0.7965 
-0.6782 0.0694 
-0.3827 0.5981 
0.7397 0.4355 
0.7308 -0.2465 
-0.2038 0.8023 
0.4814 0.3517 
-0.8186 0.6194 
0.8395 0.9664 
0.9837 0.9567 
-0.2294 0.6262 
0.8732 0.4820 
0.7474 0.5933 
0.5080 -0.2795 
-0.1536 0.5684 
0.4035 -0.9804 
0.4440 0.2225 
-0.7319 0.0132 
0.9502 -0.0853 
0.6659 0.5089 
-0.4231 0.4297 
-0.9900 0.3744 
0.4644 -0.0532 
-0.2963 0.9438 
0.1593 -0.4811 
0.7132 0.7081 
0.5081 0.2435 
-0.1131 0.6869 
-0.7285 -0.1880 
-0.1518 0.9914 
-0.8875 -0.8293 
-0.3241 0.3592 
-0.8560 0.7822 
0.7391 0.6158 
0.8568 0.8207 
0.2107 -0.6076 
0.4093 -0.7594 
0.7371 0.5321 
0.5782 0.7130 
-0.5204 0.9871 
-0.5493 0.3553 
0.6733 0.4263 
0.8312 0.7886 
0.1878 0.6612 
0.6298 0.6050 
0.7687 -0.4831 
0.9950 0.2715 
-0.9090 -0.9472 
-0.6489 0.8084 
-0.9770 -0.6563 
0.1765 0.8673 
-0.7087 0.8874 
-0.6846 0.2304 
-0.7814 0.4495 
-0.1044 -0.0084 
0.8812 0.8587 
-0.6608 0.1330 
0.7123 -0.4512 
0.0896 -0.1199 
0.7083 -0.6830 
0.8789 0.8476 
-0.9651 0.7642 
-0.1991 -0.8121 
-0.7075 0.5666 
0.5146 0.4444 
0.5541 0.9028 
-0.8843 0.9734 
0.8352 -0.0147 
-0.4341 0.8373 
0.6577 0.7514 
-0.0926 0.6669 
0.8811 0.8820 
0.8703 0.8596 
0.2611 0.6044 
0.8556 0.2214 
-0.2377 0.3257 
0.8269 0.7810 
-0.9755 -0.0829 
-0.2070 0.3606 
-0.9690 0.3884 
-0.8905 0.7511 
-0.3551 0.8870 
0.3310 0.3516 
0.1958 0.8219 
0.1789 -0.7962 
0.3588 0.6246 
-0.4527 0.7608 
-0.5960 0.8451 
-0.9423 0.6202 
-0.9189 0.4133 
-0.7685 -0.3992 
0.8560 0.3203 
0.9259 0.7455 
-0.9282 0.9599 
0.6570 -0.0797 
0.2040 0.7161 
-0.8944 0.8521 
-0.7270 0.8074 
-0.8827 -0.0846 
0.7903 0.4096 
0.8723 0.4186 
0.1942 0.3398 
0.7574 0.7116 
-0.3267 -0.0049 
-0.8577 0.8448 
0.1766 0.5623 
0.4725 0.2572 
0.5607 0.6113 
0.7556 0.3634 
0.5391 0.8676 
-0.6329 0.8877 
0.1137 0.3726 
0.7604 0.5424 
0.5606 0.6672 
-0.9933 -0.8596 
0.0505 0.9509 
0.4441 0.0048 
0.5237 0.2825 
0.0367 0.8693 
0.6578 -0.0232 
-0.2453 0.7578 
0.6517 0.8120 
-0.5979 -0.5338 
-0.1427 0.6108 
-0.9049 0.7521 
0.6204 0.6649 
0.8680 -0.4393 
0.2518 0.3256 
0.5498 0.8709 
0.5984 0.7019 
-0.7923 0.6269 
-0.1770 0.8398 
-0.4863 -0.1188 
-0.7584 -0.1752 
-0.4942 0.2500 
0.2330 -0.2378 
-0.3453 0.9037 
-0.6330 0.8941 
0.5899 0.0626 
0.1324 0.2814 
0.9047 -0.6311 
0.6641 0.5471 
-0.5461 0.3119 
0.6741 0.3709 
-0.9735 0.8179 
0.6477 0.6149 
-0.2559 0.9987 
0.0079 0.6221 
0.7098 0.7602 
0.8478 0.2861 
-0.7957 0.3987 
-0.5741 -0.5135 
0.5245 0.0253 
0.4279 0.9680 
0.7402 0.7658 
0.8240 0.8102 
-0.2945 0.9783 
-0.0386 -0.3133 
0.2629 -0.7453 
-0.3933 -0.0681 
0.7328 0.5029 
-0.5812 0.8061 
-0.4610 0.8024 
0.9178 0.7379 
0.5661 0.1837 
0.1536 0.8655 
0.1046 0.0847 
0.5139 0.2715 
-0.7539 -0.4233 
0.7550 0.4849 
-0.6644 0.9871 
0.5754 0.2043 
-0.8711 0.7298 
-0.6856 -0.1985 
-0.8950 -0.8882 
0.1037 -0.1323 
0.3751 0.1341 
-0.6220 0.3581 
0.0845 -0.9978 
-0.6498 0.2420 
0.1740 0.1878 
-0.0414 0.8112 
0.6480 0.0169 
0.3558 -0.0583 
0.4254 -0.8041 
-0.8436 0.2999 
0.3921 0.9588 
0.8138 0.0082 
0.5054 -0.9648 
0.4099 0.9882 
-0.4574 0.4160 
0.7522 -0.1670 
0.0783 0.4864 
-0.5273 0.4827 
-0.6355 0.9589 
-0.5504 0.2097 
0.5590 -0.5306 
0.3911 0.1741 
0.0825 0.4575 
0.5789 -0.1049 
-0.8946 0.8455 
-0.6919 -0.6253 
-0.8886 0.7901 
0.0558 -0.9839 
0.3354 0.3232 
0.9419 0.5766 
-0.7495 0.7933 
-0.9998 0.9285 
-0.6479 0.2035 
0.1904 0.2151 
-0.7246 0.6498 
-0.4542 -0.7353 
0.4944 0.8126 
-0.8850 0.7399 
-0.8378 0.3266 
-0.9390 0.9441 
-0.1654 -0.8362 
-0.4249 0.5578 
0.0776 0.8787 
0.5511 0.5266 
0.4242 0.9130 
-0.1108 0.3287 
0.0544 0.4616 
-0.7947 0.3807 
-0.9598 0.9906 
-0.9249 0.5032 
0.8577 0.5970 
-0.0234 0.9112 
0.4576 0.6778 
0.4431 0.2247 
0.6110 0.2926 
0.6140 -0.7785 
-0.2008 0.3200 
-0.5620 0.5471 
0.4357 0.9481 
-0.5057 -0.2108 
-0.9228 0.6593 
-0.0103 0.7292 
-0.8014 0.9394 
-0.5708 0.9886 
-0.9547 0.6462 
-0.1315 0.4355 
-0.0503 0.9925 
0.8180 -0.7442 
0.7536 0.5684 
0.9335 0.8802 
0.1580 0.8055 
-0.0408 -0.2962 
-0.8560 -0.4421 
-0.9009 0.8385 
-0.8894 0.0594 
-0.4709 -0.2489 
0.7752 0.7099 
-0.7354 0.7034 
-0.5619 0.5370 
0.9758 -0.2163 
0.3768 0.7884 
0.5337 0.4977 
-0.6019 -0.1274 
-0.2935 0.2421 
0.2334 0.0520 
0.0064 0.7643 
-0.0625 0.8798 
-0.6814 -0.9554 
-0.7878 0.6241 
0.1716 0.8124 
-0.7231 0.9647 
0.0224 0.1588 
-0.8837 0.4003 
-0.0841 0.4189 
-0.7562 0.3155 
0.6152 0.5937 
0.4500 0.7263 
-0.2429 0.9326 
0.3686 0.5894 
0.7374 0.6342 
-0.6450 0.8035 
-0.6002 0.5417 
0.2641 0.3195 
-0.9284 0.8021 
0.1142 -0.1225 
0.4204 0.3295 
0.3717 -0.8280 
0.9850 0.8054 
-0.7683 0.7194 
0.7072 0.7379 
-0.7889 0.9937 
0.7083 0.6346 
-0.9557 0.6037 
-0.8901 0.7482 
-0.6009 0.8974 
0.5940 -0.3101 
-0.2298 -0.1659 
-0.1507 0.9488 
0.9062 0.3070 
-0.7006 0.3178 
0.2131 0.5229 
-0.6177 0.9868 
-0.4440 -0.0760 
0.5630 0.5452 
-0.2848 0.9887 
-0.3433 -0.1682 
-0.4645 0.8033 
0.0453 0.0851 
0.9386 0.8061 
0.8497 0.5986 
-0.9683 0.6537 
0.2617 0.2599 
0.9786 0.8497 
-0.5823 0.8292 
0.9292 -0.1997 
0.9136 0.2968 
0.5409 -0.5666 
0.7423 -0.5077 
-0.6966 0.2561 
-0.1008 0.5766 
0.9696 0.5525 
-0.2401 -0.3060 
0.9152 0.9053 
0.0360 -0.1025 
0.4719 0.3761 
0.0818 0.9412 
0.8465 0.6446 
0.8911 0.3494 
0.6662 0.3807 
