3.525676761601621769e-04 7.370206295713758408e-05 0.000000000000000000e+00
8.504010287361278217e-03 9.062789682535992916e-03 0.000000000000000000e+00
1.698539032930189777e-02 1.622083969186269292e-02 0.000000000000000000e+00
2.468570672991141773e-02 2.469409123867832845e-02 0.000000000000000000e+00
3.090107251135551861e-02 3.086861265733747972e-02 0.000000000000000000e+00
3.830643819158988800e-02 3.867961555371712823e-02 0.000000000000000000e+00
4.484396547375324449e-02 4.445023054453066391e-02 0.000000000000000000e+00
5.300601456546413792e-02 5.337207833235838028e-02 0.000000000000000000e+00
6.043139362369484568e-02 6.027069701031120136e-02 0.000000000000000000e+00
6.611292202889150482e-02 6.532557869484886814e-02 0.000000000000000000e+00
7.136242589440305872e-02 7.264451770199245595e-02 0.000000000000000000e+00
8.054869439495680739e-02 7.974606322800853464e-02 0.000000000000000000e+00
8.860822474456025999e-02 8.789161921503864383e-02 0.000000000000000000e+00
9.398951474401275041e-02 9.432700201273244711e-02 0.000000000000000000e+00
1.013414500307857763e-01 1.009386393079214489e-01 0.000000000000000000e+00
1.106972934708319589e-01 1.102609117789921794e-01 0.000000000000000000e+00
1.165755837358919966e-01 1.165695587346266132e-01 0.000000000000000000e+00
1.256371839031020787e-01 1.256301291535342479e-01 0.000000000000000000e+00
1.305486763259210981e-01 1.304136125388392908e-01 0.000000000000000000e+00
1.356586779241967800e-01 1.360592588425893756e-01 2.636187163209796278e-03
1.399968633271406748e-01 1.400320982206118281e-01 7.816148195357123032e-03
1.471055248411587690e-01 1.464235413798130603e-01 9.667642396948641220e-03
1.538221845250405673e-01 1.541019007121103845e-01 1.568229467800899210e-02
1.642925102092005485e-01 1.643854742273479497e-01 1.805218465827563082e-02
1.734276644882362384e-01 1.731891272611613408e-01 2.395191251420064615e-02
1.796793901826606865e-01 1.787285897528589074e-01 2.808913411107234054e-02
1.871462295873141946e-01 1.865137730890706613e-01 3.270262088920380950e-02
1.930378751802185044e-01 1.928215100019367856e-01 3.594843752050236318e-02
2.016968916853981719e-01 1.991710647159974923e-01 4.008267567255576619e-02
2.094700948687433784e-01 2.088001926428390553e-01 4.801509296190285825e-02
2.155214642217988807e-01 2.160599406053975158e-01 5.234965806382559789e-02
2.229513056639500224e-01 2.232287150991177083e-01 5.721629819475484990e-02
2.320164655575982227e-01 2.322934046254731544e-01 6.053437115243903016e-02
2.386584843490988650e-01 2.385266898779198619e-01 6.545087253441425612e-02
2.475594339720415815e-01 2.473893687157816823e-01 7.069277131173423712e-02
2.531447444263797975e-01 2.532654149464743654e-01 7.693491261173457385e-02
2.613585304682451427e-01 2.599552619157492472e-01 8.196219319662345626e-02
2.687247809105090535e-01 2.680690678402718463e-01 8.712090557624446729e-02
2.794122866385982396e-01 2.793331491468405425e-01 9.122557040669065920e-02
2.880477922909822075e-01 2.879856667703677986e-01 9.797569007717342460e-02
2.957375385216075014e-01 2.950163511269067729e-01 1.040600203563426945e-01
3.018988164933648632e-01 3.017993438859139510e-01 1.113711824959797564e-01
3.118515336458037579e-01 3.127373987541866018e-01 1.157651369812565390e-01
3.196293471318686907e-01 3.203109635778964570e-01 1.203990029043519039e-01
3.288077817703744521e-01 3.290669368590154464e-01 1.281534836791118626e-01
3.451740783310112137e-01 3.454235553924679958e-01 1.350163148650056488e-01
3.547051991337210053e-01 3.547124416434828120e-01 1.391659652584458229e-01
3.636375673108259710e-01 3.641029772918339402e-01 1.435074160735871074e-01
3.787110313465845146e-01 3.778073521965540360e-01 1.526591990223563899e-01
3.883003860538803975e-01 3.886772486994317655e-01 1.609706030860551529e-01
3.976594524859869417e-01 3.968756632868987166e-01 1.674871869073214781e-01
4.058093869557563571e-01 4.052513293679630979e-01 1.734048941608373751e-01
4.156182622598086351e-01 4.147285126128586463e-01 1.820506378794005953e-01
4.309773230680157829e-01 4.322397946351419495e-01 1.914792398257008366e-01
4.499472746250635091e-01 4.484797859651747376e-01 1.992226562775279153e-01
4.710731229016020261e-01 4.684843257928943960e-01 2.058822075779443150e-01
4.829355874554989714e-01 4.785036391073638762e-01 2.103667182435950966e-01
4.959268168528778165e-01 4.939381262539047635e-01 2.224345205750994925e-01
5.121588539011530106e-01 5.126297934832444447e-01 2.306307477559284003e-01
5.217944740121466252e-01 5.208363096215770094e-01 2.391674948917493215e-01
5.376323593573918425e-01 5.369210353275254421e-01 2.470825302211684671e-01
5.471545198258499498e-01 5.482645711332937433e-01 2.554099187715635488e-01
5.633866541776745285e-01 5.626992388997547057e-01 2.652519702163680382e-01
5.800293664317113240e-01 5.787936258936381417e-01 2.723064409213813986e-01
5.964684926194712133e-01 5.969698636886422438e-01 2.865516714198459436e-01
6.163772162416868428e-01 6.169143206225499165e-01 2.969547692154604346e-01
6.299703770419116111e-01 6.291632861066767113e-01 3.083511449694962825e-01
6.490928733829052222e-01 6.469973504591727265e-01 3.179359693762725536e-01
6.942568712325521973e-01 6.948097342933625686e-01 3.304267148722901948e-01
7.309309205239131746e-01 7.318211166255252920e-01 3.460935380406816586e-01
7.870284816631178959e-01 7.830879226482393429e-01 3.605617493330413592e-01
8.409400659996216776e-01 8.395940093497348267e-01 3.709394143251685261e-01
9.104987567410534055e-01 9.163754247192430480e-01 3.790118358598161263e-01
9.868187318724335189e-01 9.887193240577000219e-01 3.921281619995644618e-01
1.066234849238711035e+00 1.066087102282417653e+00 4.037157541943241501e-01
1.181510144977330645e+00 1.184596271857284222e+00 4.326451451331712050e-01
1.304246417950398085e+00 1.300248911909774430e+00 4.568821229210799362e-01
1.451683363703530460e+00 1.458395060479726002e+00 4.838175390426661115e-01
1.543241565150155870e+00 1.538064059458063904e+00 5.092232697684571097e-01
1.798929601970921111e+00 1.792611844253708675e+00 5.345875163532042285e-01
2.139189505350960196e+00 2.138964901407656161e+00 5.656971462294567710e-01
2.528330272712395299e+00 2.513833758292957299e+00 5.948818513916078743e-01
2.895040253420689158e+00 2.906156995758317318e+00 6.351600887137169860e-01
3.338585998310279024e+00 3.352857714825069113e+00 6.766339917941981419e-01
4.546701585325997108e+00 4.598085224492575840e+00 7.148202331932127507e-01
5.594038186641395072e+00 5.604002851880578007e+00 7.682804641700105019e-01
6.806612510586795395e+00 6.821728449838392550e+00 8.192246267298286533e-01
7.994265126353655937e+00 8.010277103165432067e+00 8.753358899827927697e-01
9.943448889682779068e+00 9.998737007454549186e+00 9.717758832294878246e-01
1.235958455435320325e+01 1.237663870538833422e+01 1.082380057966469522e+00
1.504222305198280019e+01 1.503445486419006905e+01 1.248493647520159788e+00
1.913087373053667051e+01 1.917099968274933630e+01 1.492360826926369066e+00
2.266046518397640952e+01 2.265420104628087117e+01 1.801020408163265918e+00
2.477766387822427774e+01 2.476421343143373477e+01 2.457550013963987645e+00
3.248498753526203586e+01 3.251485771596862406e+01 3.526234347305660322e+00
3.931339973093009377e+01 3.931355937803827771e+01 5.221837527479849861e+00
4.954773509696831724e+01 4.954927618853210447e+01 8.181986726218157813e+00
7.231700948350372471e+01 7.217939782753232691e+01 1.465308436820199489e+01
1.529959212830043498e+02 1.529954550556172137e+02 3.696177673986561274e+01
3.169312155672059816e+02 3.171384642846718975e+02 1.598121834188129640e+02
