4.365414133538836534e-04 6.759316402377009935e-05 0.000000000000000000e+00
6.647451087974464053e-03 6.453197720177113184e-03 0.000000000000000000e+00
1.593471616606409458e-02 1.602392931376440260e-02 0.000000000000000000e+00
2.347715973336541792e-02 2.273913112496407998e-02 0.000000000000000000e+00
3.411986266655712280e-02 3.346727505497428673e-02 0.000000000000000000e+00
4.113447941047726486e-02 4.100355386150064674e-02 0.000000000000000000e+00
4.722018618800527534e-02 4.753912178489235613e-02 0.000000000000000000e+00
5.824080918551072933e-02 5.742946888572258990e-02 0.000000000000000000e+00
6.586362090390059099e-02 6.557324685993640156e-02 0.000000000000000000e+00
7.429779057065230563e-02 7.466873557538040995e-02 0.000000000000000000e+00
8.174047287518328153e-02 8.242455554910403659e-02 0.000000000000000000e+00
8.703598461098652206e-02 8.749475540270683360e-02 0.000000000000000000e+00
9.124112956562466237e-02 9.180848386234299885e-02 0.000000000000000000e+00
9.889106031561170629e-02 9.919553717575260721e-02 0.000000000000000000e+00
1.057602482427939666e-01 1.058265900587935932e-01 0.000000000000000000e+00
1.131671723515854933e-01 1.141175126392541123e-01 0.000000000000000000e+00
1.211117543246073985e-01 1.222630996078284127e-01 0.000000000000000000e+00
1.313458738075857501e-01 1.314401941546085029e-01 0.000000000000000000e+00
1.392074462909962673e-01 1.390203436843835960e-01 0.000000000000000000e+00
1.470066105505698217e-01 1.461603989757635502e-01 3.667533208077711476e-03
1.507308019119672493e-01 1.504773072062318140e-01 8.023710505401506973e-03
1.552957028324437327e-01 1.557134823237192323e-01 1.151657247056319007e-02
1.612779310745423855e-01 1.608154445013579015e-01 1.573385184589004906e-02
1.663879812947580139e-01 1.672398122247092389e-01 2.047393551354912897e-02
1.734412344765530190e-01 1.737535609161328098e-01 2.336612995924833985e-02
1.795255351036547653e-01 1.795518757364866214e-01 2.856089590789815530e-02
1.850976360442986857e-01 1.851490984993892641e-01 3.102239259621981590e-02
1.919320067834827948e-01 1.924165508986981632e-01 3.504003992154123420e-02
1.979715727561320027e-01 1.983492181141578992e-01 4.029428824433371747e-02
2.045324985686094998e-01 2.047038653327889757e-01 4.515732229962512306e-02
2.135360609533630827e-01 2.146618231171075197e-01 4.957718161347319380e-02
2.220013205980804760e-01 2.236558575871141485e-01 5.445936241341557682e-02
2.310597482315301932e-01 2.305921460231457332e-01 5.777873720342713987e-02
2.346505476643612198e-01 2.349528438819716292e-01 6.282783864609393920e-02
2.431443717843206898e-01 2.431649373354086707e-01 6.655571647859122308e-02
2.503851694928704852e-01 2.510782320555579594e-01 7.147436145169314137e-02
2.543119655538203516e-01 2.544224046635834013e-01 7.528403653646030536e-02
2.654127351369600651e-01 2.641151379073186645e-01 7.794647344271826706e-02
2.739379294256782948e-01 2.741507532297001726e-01 8.201176425874259768e-02
2.814410783485632450e-01 2.818663996535139549e-01 8.772687781306573451e-02
2.910140119474881604e-01 2.909442400624184799e-01 9.222377776846592268e-02
2.982494075958991853e-01 2.979913697369528935e-01 9.793603572997749973e-02
3.035214943148772382e-01 3.036937451753035089e-01 1.028314321154640831e-01
3.131407356776580997e-01 3.135675241613626318e-01 1.088049961277230138e-01
3.200597183703893789e-01 3.204555433267264331e-01 1.133908751108130136e-01
3.287288563649174988e-01 3.290212039592022575e-01 1.184754446717139614e-01
3.385828033150947713e-01 3.386533946538008988e-01 1.213859911170262346e-01
3.457354083389299615e-01 3.448484364081343401e-01 1.265011836364510756e-01
3.524201717371033826e-01 3.541305357173326618e-01 1.325503977141297418e-01
3.656471867763208539e-01 3.651780295644196372e-01 1.368593983013015603e-01
3.772702995035700502e-01 3.766434886238237412e-01 1.430631222662114566e-01
3.838267418501351558e-01 3.835138213708398913e-01 1.489189831884265292e-01
3.931507497946241658e-01 3.931776818484815639e-01 1.561344922828564463e-01
4.031141310048032000e-01 4.026929721062670886e-01 1.644909938447944031e-01
4.142849477317197548e-01 4.146221664299660215e-01 1.705705853467412714e-01
4.288762401165138738e-01 4.288897526028583318e-01 1.786743739153763832e-01
4.405317915401018025e-01 4.408128697133737450e-01 1.849677381063056236e-01
4.549916342014115878e-01 4.550148146921959014e-01 1.904241464653006199e-01
4.776781345181806415e-01 4.779907533956028187e-01 1.969283114391845169e-01
4.930794959693929336e-01 4.933690558005593974e-01 2.048453207679721277e-01
5.180705307754106537e-01 5.182365286302286211e-01 2.123071946406579480e-01
5.403682086170062959e-01 5.401573109315721544e-01 2.207471080226338922e-01
5.498505763019608805e-01 5.498814202382011906e-01 2.298191529620480789e-01
5.635820399342014175e-01 5.630600873938240714e-01 2.406956305319412903e-01
5.785735318981614084e-01 5.788828802115681960e-01 2.511757979551820230e-01
5.962776224525802027e-01 5.968253701865025018e-01 2.635067862259774518e-01
6.141779640018549813e-01 6.149797975864516042e-01 2.703857647500346739e-01
6.374328342388128066e-01 6.354665556690409778e-01 2.819100067465962756e-01
6.631761165401324210e-01 6.639351168175728901e-01 2.934838157621189048e-01
6.965899170916983740e-01 6.963588808399194807e-01 3.059666043745847830e-01
7.223345782868587639e-01 7.189340956884489042e-01 3.131018780073982488e-01
7.560113692024728049e-01 7.549533740142264637e-01 3.273197917848972294e-01
7.992342624964764441e-01 7.992232502457908838e-01 3.482730928961035866e-01
8.390004389338504565e-01 8.401512616405582001e-01 3.584679896541999033e-01
9.114050562396796007e-01 9.071968685053165560e-01 3.727707455788535351e-01
9.816654821494379402e-01 9.811911403009490051e-01 3.901423365352528760e-01
1.095851589079818611e+00 1.094301996210844008e+00 4.060134034794558588e-01
1.170768180706983408e+00 1.172685073231398922e+00 4.215477784058808686e-01
1.260782341177136390e+00 1.257106837909206298e+00 4.390404413793608240e-01
1.456335996562489354e+00 1.452442573438420759e+00 4.630672658233678241e-01
1.602307613827000932e+00 1.600333642969282266e+00 4.896541395444697908e-01
1.925793182776313950e+00 1.913146661709164364e+00 5.085433052058327963e-01
2.356507180575807769e+00 2.368964771877769770e+00 5.452225211436635410e-01
2.679792330257283695e+00 2.681608435965530113e+00 5.664262090734575317e-01
3.230233068350268688e+00 3.244225638186555738e+00 5.980554394777896077e-01
4.090431760502625025e+00 4.074978822085523866e+00 6.528708049433233906e-01
5.362422436413822879e+00 5.352888299403490535e+00 6.952979830565124697e-01
6.591627798265771609e+00 6.625007269719880298e+00 7.464490547713240609e-01
1.025682218560522685e+01 1.030106509964174499e+01 8.030569288533634387e-01
1.312755335979589510e+01 1.311775037850652836e+01 8.793402993576873161e-01
1.533371817908879287e+01 1.536166574258304074e+01 9.564433956369593481e-01
2.013458819455726356e+01 2.015059597024916727e+01 1.160565018306398244e+00
2.298730301463931625e+01 2.304296421864220790e+01 1.573428323737149581e+00
2.790869618787681006e+01 2.789301540802088297e+01 2.243944701211515902e+00
3.617443499267798757e+01 3.619084149193945876e+01 3.946020935392328788e+00
4.698322370132335379e+01 4.698734595725768060e+01 6.559281446388484760e+00
5.526331556490129771e+01 5.519822585991025221e+01 1.268579846398290556e+01
8.412529560863464440e+01 8.415668499235303557e+01 2.114935536760743773e+01
1.572263482302371642e+02 1.577554677532307892e+02 6.774919792425842502e+01
2.823519809320563922e+02 2.825001200423875503e+02 1.908971334168880958e+02
