5.300092543106706534e-05 3.426007138445476882e-04 0.000000000000000000e+00
6.702034844986600598e-03 7.592295483959994248e-03 0.000000000000000000e+00
1.660361198709316491e-02 1.570810522615045252e-02 0.000000000000000000e+00
2.643077138707090531e-02 2.590453490048433283e-02 0.000000000000000000e+00
3.352475069521635570e-02 3.360015238222723716e-02 0.000000000000000000e+00
4.182733119685724810e-02 4.051298868359879540e-02 0.000000000000000000e+00
5.076759652844212156e-02 4.942863286429566294e-02 0.000000000000000000e+00
5.839583871228888612e-02 5.848178961086403227e-02 0.000000000000000000e+00
6.446652162841144673e-02 6.504836239146701005e-02 0.000000000000000000e+00
7.408551943534416595e-02 7.489976064210493445e-02 0.000000000000000000e+00
8.440501319856773266e-02 8.336476069143811118e-02 0.000000000000000000e+00
9.456778238431103045e-02 9.423736244677093088e-02 0.000000000000000000e+00
9.888351700176137293e-02 9.892903618925999454e-02 0.000000000000000000e+00
1.039142819405192014e-01 1.043664504654239766e-01 0.000000000000000000e+00
1.122269665379260484e-01 1.128253142084857663e-01 0.000000000000000000e+00
1.198185922012508370e-01 1.204429041087714675e-01 0.000000000000000000e+00
1.285320822669074048e-01 1.287765272550881190e-01 0.000000000000000000e+00
1.369506610753740972e-01 1.379738622999846787e-01 0.000000000000000000e+00
1.433174785444029098e-01 1.442703433107471733e-01 1.433606876490265379e-03
1.509106741370090099e-01 1.507508332817255881e-01 5.247490575289539584e-03
1.555965063020242900e-01 1.560805307289020727e-01 8.322004626319507575e-03
1.628337568498423871e-01 1.630576261616377975e-01 1.315693619290297586e-02
1.734158498006174165e-01 1.737995740341868323e-01 1.772891969033709575e-02
1.800340521235212210e-01 1.801963232935714920e-01 2.224204154813344894e-02
1.892686600844631084e-01 1.883985259369014287e-01 2.577321615490096515e-02
1.966379532537271824e-01 1.965081345584582806e-01 2.974230623388707251e-02
2.010577213777120786e-01 2.012395097903050545e-01 3.317655467958741805e-02
2.074651705970042281e-01 2.076889090880480182e-01 3.852014981815329170e-02
2.176520940159160922e-01 2.170487734293851390e-01 4.152925185633642158e-02
2.272032948157353405e-01 2.251558085774884310e-01 4.534274360400290110e-02
2.340103600224265890e-01 2.348715658060163691e-01 4.969652878094656806e-02
2.424635220645188771e-01 2.424226464296118655e-01 5.332202118798594348e-02
2.468886998287981860e-01 2.468176209287451239e-01 5.670023978531955888e-02
2.561066939957528099e-01 2.552579353992271427e-01 5.995508574759998710e-02
2.614077651065803143e-01 2.611332014557720127e-01 6.729197999212435666e-02
2.700521847902507822e-01 2.700948023727847147e-01 7.166997927641623189e-02
2.758088541763592527e-01 2.757288967522808498e-01 7.712183418711056337e-02
2.809911514830221724e-01 2.804217210254806858e-01 8.128715609785687468e-02
2.870533933849928609e-01 2.867879268024219330e-01 8.502261793003118573e-02
2.993449860908255489e-01 2.982066233321754578e-01 8.939130782981388745e-02
3.066818875058706095e-01 3.059657267132804837e-01 9.340946374707495559e-02
3.137268034389457672e-01 3.147585470574538191e-01 9.824122289773400130e-02
3.208236635965805439e-01 3.204607234243485592e-01 1.016522873006624195e-01
3.296255628894992906e-01 3.301655329317874088e-01 1.058756050125451292e-01
3.405407442618691438e-01 3.415730412581516884e-01 1.097226105651676470e-01
3.494317080902680783e-01 3.499550204511116536e-01 1.144767056345318140e-01
3.576641452201290705e-01 3.574064662126045233e-01 1.208269741835157618e-01
3.652979872948826645e-01 3.648445524557099584e-01 1.279497146839117805e-01
3.758332700918741165e-01 3.762111638991064710e-01 1.330000488430529704e-01
3.844829801363060517e-01 3.835131097865711602e-01 1.404339040234297009e-01
3.937373691673290432e-01 3.930550663546607537e-01 1.452814756344488478e-01
4.087491520616500229e-01 4.078008267212612226e-01 1.517232454814101406e-01
4.200788938576977549e-01 4.191016671251800441e-01 1.569395385940013099e-01
4.321633056766514547e-01 4.324410150061487879e-01 1.628712944249615657e-01
4.438201554556395201e-01 4.441272111579853688e-01 1.688791571287190652e-01
4.556528919697136470e-01 4.551545690814757239e-01 1.730681172664555179e-01
4.697589147761439543e-01 4.662732976458392464e-01 1.824720322222068702e-01
4.859908977013346898e-01 4.823445191647662833e-01 1.961779216454829777e-01
5.008539864200172165e-01 4.996568264699339235e-01 2.043598746400129285e-01
5.157660316536195610e-01 5.124979631827760729e-01 2.100191804422173181e-01
5.291472079495197489e-01 5.290346521327083940e-01 2.201219334462015953e-01
5.407759494971217107e-01 5.440971054901900805e-01 2.327400881310948133e-01
5.566517868238862743e-01 5.594374050257250319e-01 2.422570164940207327e-01
5.752634480929869065e-01 5.767766211636826679e-01 2.512183426938926489e-01
5.869626879897240634e-01 5.858230022908038626e-01 2.604960979455034908e-01
6.120520927181896109e-01 6.106624786327994325e-01 2.665152530661246133e-01
6.270794519411674317e-01 6.263536158769746898e-01 2.744890601652705819e-01
6.466681114636999572e-01 6.453000218234498098e-01 2.857894056859363596e-01
6.793483344448498773e-01 6.756203713215650497e-01 2.958445014642385185e-01
7.196174696200101639e-01 7.133042578765682595e-01 3.047272019464196680e-01
7.506974911812103191e-01 7.515319760580130293e-01 3.175880557765409229e-01
7.994958503582028086e-01 7.972337517645594618e-01 3.312060473711809783e-01
8.454569821857494949e-01 8.459721669646731446e-01 3.453551056018802634e-01
9.030326762397620222e-01 9.106095127191495830e-01 3.572205542209434537e-01
1.014729653078548122e+00 1.018650731253028630e+00 3.712787075975470530e-01
1.124243297405031816e+00 1.123566663543338784e+00 3.839107217558812013e-01
1.195989680462005600e+00 1.192137720909056231e+00 4.032647441956770940e-01
1.349798601323477953e+00 1.345706179479099207e+00 4.211435504989666234e-01
1.469714320302579313e+00 1.470437796447473078e+00 4.435382458405796591e-01
1.643929831553051724e+00 1.645807339517888934e+00 4.812437860200049489e-01
1.812443347062604238e+00 1.807656515951688636e+00 4.975442937731954784e-01
2.083889149257323936e+00 2.079789624697874650e+00 5.233041539278251442e-01
2.577698126313683336e+00 2.570833044242833765e+00 5.524627310729027796e-01
3.085184314675419426e+00 3.086882933882648672e+00 5.880259835144275860e-01
3.822537864216110748e+00 3.882177530564724588e+00 6.333459856777088337e-01
4.524413238413603544e+00 4.523335746247765243e+00 6.942694293705197195e-01
5.275732063727683219e+00 5.286420921027984221e+00 7.338150858030314527e-01
6.838397707934590564e+00 6.876846977523185522e+00 8.060773434214835165e-01
9.114991564149915959e+00 9.141642717061527534e+00 8.691921698170064214e-01
1.145956110864803179e+01 1.145224481284205176e+01 9.460924502568656136e-01
1.568399327683840028e+01 1.568615185401576007e+01 1.091580383043851077e+00
1.861537997866702554e+01 1.859657495517433290e+01 1.269799812720880050e+00
2.334712534328949474e+01 2.334054810385121925e+01 1.552339001074056979e+00
2.751242623519763342e+01 2.749514726371263862e+01 1.899813635297834979e+00
3.504011835349579940e+01 3.574353679207411716e+01 3.291668478912214812e+00
4.213485207848950154e+01 4.209175252741852091e+01 6.314977039315841978e+00
5.354298484507280875e+01 5.346760776186891917e+01 1.149018982217068263e+01
9.050203038707577718e+01 9.078312840814015772e+01 3.072798253193757390e+01
1.733148283523970008e+02 1.731744279449944770e+02 8.933836063283722240e+01
2.711957426936012325e+02 2.716376899343712807e+02 1.860123424155577823e+02
