6.080254282086502808e-04 5.838797365959014999e-04 0.000000000000000000e+00
9.624705449913851726e-03 8.102260081452187027e-03 0.000000000000000000e+00
1.772757415163895428e-02 1.735491055899063620e-02 0.000000000000000000e+00
2.737553929815349577e-02 2.649375432770620375e-02 0.000000000000000000e+00
3.458419768373823672e-02 3.345938497336852641e-02 0.000000000000000000e+00
3.901266294503966808e-02 3.756138736722546695e-02 0.000000000000000000e+00
4.493008226115915993e-02 4.436213120129819248e-02 0.000000000000000000e+00
5.113962307832585485e-02 5.086653986540665140e-02 0.000000000000000000e+00
5.579262424763364869e-02 5.550423911969998292e-02 0.000000000000000000e+00
6.578894932592310729e-02 6.558754349230150327e-02 0.000000000000000000e+00
7.070617073947553510e-02 7.065412382842592431e-02 0.000000000000000000e+00
7.955128491575141902e-02 7.994123499487487683e-02 0.000000000000000000e+00
8.962448947518550368e-02 8.989657388624294754e-02 0.000000000000000000e+00
9.513373762759087804e-02 9.653931019612752018e-02 0.000000000000000000e+00
1.057965797880636716e-01 1.066257131552319493e-01 0.000000000000000000e+00
1.152864622587275734e-01 1.149823812416652657e-01 0.000000000000000000e+00
1.262068508206809492e-01 1.255515861823984503e-01 0.000000000000000000e+00
1.322757846869102860e-01 1.325167078758100747e-01 0.000000000000000000e+00
1.372856832203660782e-01 1.376314259806945273e-01 1.236723864132958884e-03
1.406506111619699739e-01 1.424244974814922182e-01 6.185849885351581319e-03
1.473881787492707929e-01 1.483228959097491750e-01 9.627352373593267912e-03
1.567563052472872864e-01 1.557055167598813961e-01 1.361679415305254437e-02
1.644622394173551327e-01 1.651982926409142349e-01 1.736328600702290170e-02
1.707963069532740519e-01 1.716453627194779175e-01 2.065641008512174651e-02
1.779256537685574013e-01 1.777944402886190711e-01 2.317737798491264004e-02
1.843701782231940978e-01 1.853191911900669286e-01 2.805073969128361877e-02
1.911184228303308696e-01 1.917871771155286731e-01 3.277264782849281105e-02
1.994134406472675702e-01 1.992227838469943779e-01 3.737854796970847132e-02
2.057294507742796486e-01 2.059223674286860817e-01 4.182215471363547737e-02
2.111346073050274219e-01 2.109669656270065086e-01 4.589820796034396744e-02
2.159564899545436401e-01 2.164105287522974652e-01 5.081403728688678456e-02
2.301112322249740938e-01 2.299049632585622449e-01 5.694751363506595637e-02
2.360486344174995144e-01 2.358265731127654197e-01 6.209468848552308906e-02
2.442148521974606690e-01 2.444444480712206769e-01 6.765437102168384009e-02
2.495386642505356689e-01 2.506249096486957151e-01 7.153964368071812074e-02
2.594636575964012204e-01 2.585423532656367374e-01 7.546298570751884538e-02
2.660813381932513599e-01 2.658571612614381019e-01 7.979523531951633608e-02
2.734994800488897981e-01 2.732376490902404531e-01 8.397252460856322043e-02
2.796316714067471065e-01 2.781197905893671996e-01 8.853418947652463844e-02
2.893175414313268745e-01 2.895342996789729284e-01 9.250891476313402584e-02
2.971123436112991789e-01 2.962228745985470146e-01 9.688583943129333576e-02
3.076780473635231661e-01 3.079820434306176358e-01 1.024964780057247837e-01
3.146355650177278807e-01 3.145391082340209810e-01 1.065264024461726466e-01
3.218598029982123743e-01 3.213416576879122855e-01 1.127575211640916841e-01
3.327028011483363912e-01 3.329674149002631589e-01 1.168958659495722419e-01
3.422082743936758487e-01 3.413380313704608149e-01 1.219797417059068634e-01
3.493485402286691244e-01 3.497553642704632204e-01 1.257725969420845080e-01
3.585214228911007273e-01 3.576602286082907756e-01 1.332521920706151997e-01
3.716496978758345726e-01 3.706853302566644470e-01 1.406080111661741350e-01
3.769077424046758384e-01 3.772870759373890825e-01 1.478643693125616665e-01
3.854665712599650851e-01 3.863184328308909010e-01 1.539013286732331121e-01
3.966430617868739739e-01 3.971493421583590089e-01 1.600323866916111837e-01
4.058682941043263992e-01 4.063436738945864213e-01 1.656558444374991446e-01
4.184683907495769239e-01 4.167853979955506993e-01 1.734421384421949153e-01
4.324374286991323757e-01 4.340153082838078547e-01 1.799727886215072015e-01
4.459260945069242754e-01 4.450806678720155007e-01 1.859547930229465684e-01
4.576161499598509486e-01 4.575638171807274168e-01 1.921790477490882554e-01
4.711639816919301893e-01 4.712110372656138635e-01 2.005866566828433672e-01
4.850203410217489575e-01 4.841646469665678021e-01 2.056944064229625224e-01
5.001561174188573489e-01 5.005310205260703471e-01 2.139776018698263393e-01
5.138090801731656221e-01 5.145948923778062012e-01 2.237038158912959818e-01
5.290126288546046496e-01 5.299257732868261073e-01 2.351600104200601282e-01
5.445001788980141644e-01 5.441852631044206134e-01 2.454523535646432608e-01
5.557726861603207169e-01 5.559352185447911099e-01 2.533972189519839158e-01
5.712744236676959853e-01 5.704719636859650889e-01 2.590658574841345207e-01
5.867085349388525550e-01 5.867570089437957881e-01 2.698444697026922134e-01
5.965860392149935354e-01 5.970271551304853208e-01 2.825156654497869013e-01
6.225341670722270848e-01 6.224980357714189338e-01 2.894872079517745722e-01
6.423602676736276385e-01 6.435399800405351423e-01 3.072407717932273408e-01
6.574845700004725568e-01 6.586345188212927582e-01 3.149835892494295408e-01
7.004098755282271993e-01 7.001337445751053545e-01 3.263640152696854480e-01
7.392003990058920726e-01 7.362095994342459093e-01 3.372090046125154061e-01
7.741256421231718088e-01 7.721745383861641221e-01 3.444256380990846078e-01
8.062344283709322879e-01 8.057194982519824134e-01 3.576552384294324760e-01
8.774530683361422279e-01 8.772642375034997997e-01 3.676419952853027806e-01
9.231984558925556694e-01 9.242326886356869720e-01 3.833598901503931788e-01
1.005192463863607166e+00 1.005121292503660779e+00 3.979890946189886258e-01
1.180188761306178558e+00 1.176566431127475942e+00 4.169446796190284799e-01
1.285911659643358629e+00 1.284914823773647852e+00 4.360696899629135648e-01
1.440478696932395941e+00 1.438886235957667070e+00 4.486914937685763105e-01
1.617786487709851340e+00 1.615591144549331837e+00 4.736899014350157144e-01
1.777875408064977458e+00 1.772519587084995685e+00 4.925691527687504623e-01
2.034991091180204048e+00 2.027139965478883976e+00 5.183036756894016106e-01
2.357844712000296994e+00 2.351405510041137070e+00 5.348472714126264460e-01
2.916708596104697460e+00 2.902789851757748174e+00 5.757336177306154879e-01
3.540999455936966633e+00 3.543067734836072180e+00 6.382903001533686282e-01
4.305598483558235934e+00 4.305315622612352122e+00 6.682830550080843812e-01
5.460720824516723582e+00 5.467691491700455764e+00 7.281308233979734146e-01
6.844379795334556427e+00 6.850066085511997471e+00 7.810724552548194977e-01
9.617838366836418018e+00 9.639141549428611455e+00 8.337571877722242952e-01
1.303245950164234479e+01 1.309789401838013312e+01 8.948014812170030918e-01
1.730754296701953265e+01 1.728256749280221172e+01 1.046803367469093526e+00
2.193097723641348296e+01 2.195320272944187323e+01 1.435942137085965298e+00
2.560677004028617532e+01 2.571196071652795112e+01 1.865113542236126465e+00
3.487829324857273861e+01 3.484498848422558837e+01 2.821302738733670434e+00
3.987901578038275829e+01 3.990705702629847451e+01 4.268827644225813955e+00
5.170516414547317652e+01 5.170533969228411308e+01 5.961798009169943846e+00
9.110682275749283576e+01 9.112592304074445337e+01 1.239371748223461367e+01
1.555075060655288439e+02 1.553221485983033290e+02 5.465193519783266396e+01
2.665431203015236292e+02 2.661064258736154784e+02 1.525071086128726279e+02
