1.935854237169734315e-01 6.654244513414273900e-03 1.138392073796502986e-02 1.038192532463119667e-03 3.506750780510098364e-02 1.635902525795896345e+00 9.879196586054188600e+00
1.258975200659811167e+00 3.003458008194316402e-04 2.824268840412435936e-04 1.696091539168241569e-02 9.017789862676676982e-02 3.935937391815896302e-01 3.379574212412388334e+01
7.516571262803960485e-01 1.575383164412997097e-02 3.450910732124718577e-02 2.007985986786626348e-02 5.588478097063377670e-02 5.172369980691771119e+00 3.285964020182741763e+01
1.228708724300112548e-01 4.892186145966837332e-03 1.619030418788916514e-02 3.497250220173075269e-02 1.890120208487028330e-01 2.577363997491190162e+00 4.903874814060289822e+01
1.178232933785443803e+00 9.076275547450411360e-03 1.282846554817945739e-02 2.456797886544181096e-03 1.109529418337963647e-01 3.050939068477156457e+00 2.857908325053375265e+01
2.537511959407310336e+00 8.421256429984459724e-03 1.379576882736094183e-02 4.714967699558176434e-02 1.333374187928675625e-01 6.892058424487404800e+00 2.974244695445216990e+01
1.146510153060012271e+01 5.714227928523116923e-02 1.476462820748856708e-01 3.139445893677522137e-01 6.973945089704316480e-01 1.969830021696827060e+01 1.705973949455487286e+02
1.280030106271693313e+01 5.565717930021911453e-02 1.482025503127338828e-01 3.410392736344869946e-01 8.097563355517827244e-01 2.695470673612385326e+01 2.031828722593238865e+02
1.097063962750732458e+01 6.567481923133014488e-02 1.587669019976174212e-01 3.330755079016113340e-01 7.381876149394139830e-01 2.321947427944265741e+01 1.827571331380206061e+02
1.527544349078242902e+01 7.261457562426078260e-02 1.804265054673937774e-01 4.276507247074718410e-01 1.155116040583855419e+00 3.331667812017408892e+01 2.349599278936716757e+02
1.177234068218834295e+01 5.798094706278864724e-02 1.441410950098069299e-01 3.294214820519641984e-01 7.613399048386710888e-01 2.419118513215951438e+01 1.888673724207138491e+02
1.285471764524981353e+01 5.575849421748701323e-02 1.483087277951022354e-01 3.430167208545533697e-01 8.126163619588140374e-01 2.552319996986394912e+01 2.057699719982818749e+02
