4.164324073327434900e-02 2.471843492469614177e-03 3.112449229341761499e-03 1.485325068124819384e-03 1.486019189536623430e-02 8.586413313204044329e-02 1.532335412414057130e+00
9.394522069604380188e-03 1.754364074851616235e-03 1.274466767499740551e-03 5.523827391630879886e-03 5.839819021940355348e-03 8.980179352522536795e-02 4.966241887455531967e-01
4.542768684700626558e-02 1.460811828710657833e-03 4.476075215533168936e-03 4.507768366774578261e-03 8.964726944689242749e-03 1.026243712230474059e-01 2.850907505784248563e+00
1.646908318729806142e-02 1.856326097064443879e-03 1.229589157831370702e-03 4.268940713893856070e-03 9.121864547939621121e-03 8.754364958500165939e-02 9.654102565067872455e-01
3.206932131909313866e-02 3.587213609626543377e-03 6.342414803789281005e-03 7.659436227085269361e-03 7.366984292823859810e-03 5.759629762112881968e-02 9.743842456552429532e-01
2.689291805114512116e-02 2.493215020942764031e-03 1.677850334975244419e-03 3.250488430087899484e-03 1.338282334612913779e-02 4.802000107366447695e-02 1.939951028724004711e+00
5.392826571958624360e-01 2.424031634105166047e-02 6.698805666930950087e-02 1.637871407690376924e-01 3.569686594841844918e-01 1.353069594872285730e+00 9.058789710112424842e+00
5.224672670139285380e-01 2.458053111447836350e-02 6.414688890719529024e-02 1.599170074393147789e-01 3.499600569640968772e-01 1.311870590922945556e+00 8.291673746630829456e+00
5.422485592169640212e-01 2.424158440458847388e-02 6.525261533228148003e-02 1.667997298053791322e-01 3.543719666485873887e-01 1.318659886858946306e+00 9.164185191706469169e+00
5.454542091086947986e-01 2.429873414781848553e-02 6.359281023323587467e-02 1.651974590281923838e-01 3.652860077274774353e-01 1.428645980638572954e+00 8.786268769050426641e+00
5.020906313125050868e-01 2.682704199992349409e-02 6.905454854985938751e-02 1.650967951701546310e-01 3.436926025478525548e-01 1.267849356738749877e+00 8.685307736230072351e+00
5.515241769455024867e-01 2.613498893091292102e-02 6.788954910660831288e-02 1.658666847876081318e-01 3.587046757191346691e-01 1.354116974015609154e+00 9.235768883872953694e+00
