1.448623093333333433e+08
1.023005360000000000e+08
9.241277866666667163e+07
8.848936266666667163e+07
8.235283733333332837e+07
7.788806933333332837e+07
7.587322933333332837e+07
7.274173866666667163e+07
6.919360000000000000e+07
7.013114933333332837e+07
6.683364133333333582e+07
6.663739466666666418e+07
6.479780266666666418e+07
6.316453466666666418e+07
6.128999066666666418e+07
6.214823866666666418e+07
5.957364000000000000e+07
6.104292666666666418e+07
5.740525600000000000e+07
5.760332266666666418e+07
5.718897066666666418e+07
5.645950000000000000e+07
5.461805866666666418e+07
5.287884000000000000e+07
5.392771333333333582e+07
5.283692933333333582e+07
5.193490133333333582e+07
5.039251866666666418e+07
4.992960933333333582e+07
4.867021200000000000e+07
4.756371733333333582e+07
4.674908800000000000e+07
4.640830000000000000e+07
4.483752666666666418e+07
4.400448400000000000e+07
4.337228666666666418e+07
4.248883333333333582e+07
4.214043333333333582e+07
4.110265200000000000e+07
4.122263466666666418e+07
4.038484266666666418e+07
3.871555333333333582e+07
3.839755200000000000e+07
3.799685200000000000e+07
3.599262400000000000e+07
3.616567333333333582e+07
3.606235866666666418e+07
3.697610800000000000e+07
3.324937200000000000e+07
3.264092266666666791e+07
3.305281866666666791e+07
3.396181533333333582e+07
3.178488200000000000e+07
3.023044133333333209e+07
2.971294000000000000e+07
2.860225733333333209e+07
2.942084133333333209e+07
2.857562200000000000e+07
2.809338066666666791e+07
2.789263400000000000e+07
2.713913533333333209e+07
2.586607266666666791e+07
2.555629466666666791e+07
2.461701400000000000e+07
2.539927200000000000e+07
2.536317666666666791e+07
2.521689533333333209e+07
2.386564400000000000e+07
2.306766266666666791e+07
2.291243600000000000e+07
2.305598000000000000e+07
2.169131666666666791e+07
2.273343466666666791e+07
2.278446866666666791e+07
2.165166533333333209e+07
2.144396733333333209e+07
2.220287800000000000e+07
2.167767866666666791e+07
2.070259000000000000e+07
2.114354866666666791e+07
2.029858666666666791e+07
2.020069066666666791e+07
2.024108466666666791e+07
1.932237600000000000e+07
2.006890333333333209e+07
1.940990733333333209e+07
1.858438466666666791e+07
1.957512733333333209e+07
1.908932266666666791e+07
1.791408566666666791e+07
1.811698933333333209e+07
1.875328866666666791e+07
1.807894933333333209e+07
1.930091600000000000e+07
1.780248100000000000e+07
1.737053866666666791e+07
1.707158466666666791e+07
1.733671733333333209e+07
1.828103600000000000e+07
1.743037033333333209e+07
1.777369666666666791e+07
1.610528766666666605e+07
1.678881500000000000e+07
1.515763466666666605e+07
1.670325100000000000e+07
1.624030066666666605e+07
1.623014500000000000e+07
1.565607100000000000e+07
1.598201600000000000e+07
1.575818200000000000e+07
1.851970966666666791e+07
1.456624733333333395e+07
1.580995266666666605e+07
1.432393400000000000e+07
1.437468100000000000e+07
1.441116233333333395e+07
1.553819633333333395e+07
1.471748400000000000e+07
1.554572166666666605e+07
1.617134733333333395e+07
1.379341266666666605e+07
1.362095900000000000e+07
1.455871700000000000e+07
1.381410300000000000e+07
1.433614466666666605e+07
1.454664733333333395e+07
1.455217866666666605e+07
1.328030900000000000e+07
1.439393000000000000e+07
1.264732000000000000e+07
1.350301400000000000e+07
1.355419566666666605e+07
1.364098966666666605e+07
1.305534566666666605e+07
1.525738666666666605e+07
1.300842300000000000e+07
1.210497500000000000e+07
1.262372866666666605e+07
1.455113066666666605e+07
1.167449300000000000e+07
1.238353800000000000e+07
1.230781266666666605e+07
1.173162066666666605e+07
1.265912933333333395e+07
1.403288600000000000e+07
1.299809866666666605e+07
1.235671133333333395e+07
1.198212933333333395e+07
1.346790666666666605e+07
1.157162100000000000e+07
1.160271833333333395e+07
1.150759600000000000e+07
1.094195500000000000e+07
1.205178500000000000e+07
1.138780233333333395e+07
1.139347833333333395e+07
1.156450900000000000e+07
1.233644933333333395e+07
1.109889200000000000e+07
1.198104866666666605e+07
