1.520389274962318595e+06
1.225316401270028437e+06
7.163644648597373161e+05
2.458903474095539190e+06
1.496888095510742860e+06
1.337139689802245237e+06
7.998592210577504011e+05
6.375380220873976359e+05
2.705760759663229110e+05
8.446016675816937350e+05
6.142865228727642680e+05
2.226509135882247239e+06
6.507920266724574612e+05
7.616007090939743211e+05
7.200023514788761968e+05
1.714482989216023358e+06
7.950094072500023758e+05
1.496216511087141465e+06
1.299143442921270849e+06
3.305835112349744304e+05
1.062926752148885280e+06
1.117933311308565317e+05
9.498385537604681449e+05
2.261996303916815377e+05
8.084947599560831441e+05
4.319023828124951688e+05
1.592281073633811902e+06
3.494530869522323483e+05
4.324078486881466815e+05
5.000942989690377726e+05
3.787029032215682091e+05
1.948908206766034418e+05
8.167378608194921399e+05
8.912649290570740122e+05
3.508211694410701166e+05
1.088543417394904885e+06
4.273453254021987086e+05
8.816534227138865972e+05
9.978277119129000930e+05
1.699917896108841815e+05
1.002301413032582379e+06
9.476845041182101704e+05
1.567269829951860243e+06
7.817053030701532261e+05
1.012752963065195712e+06
1.129241437091486063e+06
7.449162650762241101e+05
6.487157001871725079e+05
1.478971315784048755e+06
1.588111091261285590e+06
4.991775272309886641e+05
7.905143219704779331e+05
7.338016949639732484e+05
1.129747366735491902e+06
1.445079591441707918e+06
1.129300500913335709e+06
2.174021728635152976e+05
1.659229279318965506e+06
6.602741641271281987e+05
1.249352235815024236e+06
8.225862016594033921e+05
9.356702445144752273e+05
8.273034215694050072e+05
4.350884253987917909e+05
3.149782311864319490e+05
5.457273774701472139e+05
9.126874253736111568e+05
9.421987152216529939e+05
6.570237360586331924e+05
8.792480270503881620e+05
6.624425694966571173e+05
4.315070083406654885e+05
5.436562329589454457e+05
1.135013173951347126e+06
1.042447902353131794e+06
6.215192385247978382e+05
7.648070083265015855e+05
1.227465649775087513e+05
2.931473470890250755e+05
8.202716472424106905e+05
3.553810934932308155e+05
1.576807540204081160e+05
1.045555140018503065e+06
1.795992267503770126e+05
2.712193842392374645e+05
5.386046706485606410e+04
9.833805132211596938e+05
2.578267920402722375e+05
1.397857656145447691e+05
7.894062448579805205e+05
1.349878679880693788e+06
1.091573845356836682e+06
8.906005232967496850e+05
1.511302928022484062e+06
9.620434342077978654e+05
4.154549029811913497e+05
5.042039289022294688e+05
1.162828511392993154e+06
6.515281080178607954e+05
5.517847547750038793e+05
5.871542995321681956e+05
3.967341096210128162e+05
1.238046066724901786e+06
3.573447303078328841e+05
4.123972433794871904e+05
4.864413927128781215e+05
3.502884762967993156e+05
8.106400753571217647e+05
5.402057604163435753e+05
9.301963299547753995e+05
1.813092229241371155e+06
3.764707707721514744e+05
1.010471666435916326e+06
9.291566824197807582e+05
2.781526691878640559e+05
8.159652614889789838e+05
4.160272975868824869e+05
2.445742174126291939e+05
7.870083811549348757e+05
3.927644647556315758e+05
7.991937391397102037e+05
8.330894203009261983e+05
1.409474277037009364e+06
5.655216887143527856e+05
8.523769317620644579e+05
5.359886020561548648e+05
1.379856682519641472e+06
1.468294995575934299e+05
1.466996209111666307e+06
1.499192550908655103e+05
3.370546747373982798e+05
5.803093829186673975e+05
7.677425108121284284e+05
3.003389879132873612e+05
1.650193381456582807e+06
3.629557924747861689e+05
1.526255945650445065e+05
6.280368933394314954e+05
3.281171015833286801e+05
1.100321318452629726e+06
3.991790929411676480e+05
9.783487771480634110e+05
7.157210067836799426e+05
6.849740428819993977e+05
1.038400765687956009e+06
5.479894017771795625e+05
9.746339741500110831e+05
4.418589493319987087e+05
2.305871739322776441e+06
4.863245620817439631e+05
3.658758118844577693e+05
7.849481636193139711e+05
3.290538440686164540e+05
7.565077404212949332e+05
3.438674041498812730e+05
1.400597217582834419e+06
1.096314653792575002e+06
8.892386407997824717e+05
6.626813836047708755e+05
1.270604653152890969e+06
