5.503074462890625000e+03 4.609494140625000000e+03 6.284092919921875364e+03 5.110057568359375182e+03 5.243018164062499636e+03 5.292334326171874636e+03 5.126289550781250000e+03 5.235748339843749818e+03 5.167634130859374636e+03 5.598369775390625364e+03 5.229808398437499818e+03 5.174658642578125182e+03 5.172350537109375182e+03 5.476355078124999636e+03 5.843089697265624636e+03 5.426077343750000182e+03 5.075853515625000000e+03
5.368919775390624636e+03 4.598520068359374818e+03 6.341600244140625364e+03 5.159801855468749636e+03 5.404578515625000364e+03 5.118393310546875000e+03 5.227842187500000364e+03 5.163424658203124636e+03 5.403034716796874818e+03 5.640295947265624818e+03 5.388054980468749818e+03 5.307431738281249636e+03 5.063718701171875182e+03 5.331550146484374636e+03 5.823772900390625182e+03 5.240690283203124636e+03 4.988178222656250000e+03
5.393506982421875364e+03 4.585352343749999818e+03 6.300446289062500000e+03 5.389267724609375364e+03 5.507250439453125182e+03 5.344709570312499636e+03 5.300728564453124818e+03 5.226530810546874818e+03 5.023634814453124818e+03 5.912910937499999818e+03 5.109132812500000000e+03 5.257256640624999818e+03 5.115864941406250182e+03 5.501478320312499818e+03 5.892869335937500182e+03 5.330838916015624818e+03 5.277650878906250000e+03
5.333778564453125000e+03 4.694020507812500000e+03 6.302363964843750182e+03 5.278526806640625182e+03 5.537757958984375364e+03 5.379096728515624818e+03 5.291592285156250000e+03 5.388431103515625182e+03 5.154566259765624636e+03 5.530938574218749636e+03 5.153291210937500182e+03 5.094985986328125364e+03 5.140833691406250182e+03 5.342374023437500000e+03 5.836549707031250364e+03 5.286431542968750364e+03 4.974752929687500000e+03
5.436462841796875182e+03 4.613610009765625364e+03 6.305537939453124636e+03 5.091139208984374818e+03 5.376993554687500364e+03 5.434860302734375182e+03 5.375188085937499636e+03 5.304841455078125364e+03 5.006069873046874818e+03 5.580981591796875364e+03 5.373831445312500364e+03 5.101191259765624636e+03 5.413113085937499818e+03 5.371032128906250364e+03 5.907946679687500364e+03 5.350184326171875000e+03 5.257152832031250000e+03
5.249627539062499636e+03 4.623484765625000364e+03 6.536068994140625364e+03 5.279114355468749636e+03 5.258775634765625000e+03 5.352905810546874818e+03 5.271834277343749818e+03 5.214873974609375182e+03 5.046348925781249818e+03 5.577970996093749818e+03 5.068061376953124636e+03 5.170887304687499636e+03 5.129890136718750000e+03 5.425774169921875000e+03 5.875448486328125000e+03 5.258731201171875000e+03 5.190888671875000000e+03
5.292429589843750364e+03 4.579525683593749818e+03 6.313610937499999636e+03 5.263943261718750364e+03 5.269026074218750182e+03 5.484239160156250364e+03 5.239341064453125000e+03 5.345554882812500182e+03 5.015635205078125182e+03 5.569497851562499818e+03 5.216742822265625364e+03 5.237399023437499636e+03 5.279679541015624636e+03 5.393117236328124818e+03 5.961248388671874636e+03 5.271641113281250000e+03 5.032570800781250000e+03
5.380431835937500182e+03 4.639685253906250182e+03 6.395903076171875000e+03 5.278738720703125182e+03 5.396945751953125182e+03 5.261099609375000000e+03 5.250234619140625000e+03 5.339844531249999818e+03 5.069331787109375000e+03 5.661554101562500364e+03 5.358890820312500182e+03 5.184733251953124636e+03 5.194321435546875364e+03 5.363172705078124636e+03 5.862822460937500182e+03 5.268635498046875000e+03 5.010196777343750000e+03
5.255806396484375000e+03 4.505218505859375000e+03 6.378006933593749636e+03 5.242366552734374636e+03 5.493134960937500182e+03 5.199296875000000000e+03 5.153309814453125000e+03 5.449028124999999818e+03 5.167232226562499818e+03 5.762194921874999636e+03 5.344167626953125364e+03 5.037271435546875182e+03 5.175906640625000364e+03 5.463534082031250364e+03 5.850528222656250364e+03 5.428491455078125000e+03 5.198000000000000000e+03
5.295838671874999818e+03 4.517544628906250182e+03 6.148361328125000000e+03 5.373595458984375000e+03 5.422763330078125364e+03 5.422842675781250364e+03 5.179616455078125000e+03 5.335120068359375182e+03 5.341308837890625000e+03 5.622286181640624818e+03 5.383330957031250364e+03 5.137805908203125000e+03 5.244516699218749636e+03 5.282117724609374818e+03 5.845237939453125364e+03 5.344675488281250182e+03 5.032311523437500000e+03
