9.569994490287191002e+05 1.470931445820196997e+06 4.504711430789767765e+06 5.355287349451941438e+06 2.300481968607863411e+06
5.271903055072732270e+06 5.596108685819639824e+06 1.459214969298652606e+06 6.238824626455039717e+06 3.306240107154659461e+06
9.371420804196456447e+06 2.877623654783179518e+06 8.765974482098382432e+05 1.311103817225885112e+06 6.483580870638672495e+05
1.086803889379283646e+06 3.712819718111828552e+05 3.102906743898347020e+06 2.603562642845485359e+06 4.084032676301172003e+06
6.139316034723129123e+05 6.677925492492541671e+06 2.665158997397340834e+06 5.189664839364457875e+06 2.329964361585372128e+06
1.056568003415736370e+07 4.919490086296143942e+06 4.954435869107794948e+06 2.458842209209854715e+06 1.877518976373318117e+06
2.655654111999999881e+08 1.719106080000000000e+08 1.492867104000000060e+08 1.351024815999999940e+08 1.241967568000000119e+08
2.621012575999999940e+08 1.771798240000000000e+08 1.495355071999999881e+08 1.398388400000000000e+08 1.253634887999999970e+08
2.582045248000000119e+08 1.708086591999999881e+08 1.529265328000000119e+08 1.373294808000000119e+08 1.266170408000000119e+08
2.629316384000000060e+08 1.738220304000000060e+08 1.560867168000000119e+08 1.401894960000000000e+08 1.311258087999999970e+08
2.599331296000000238e+08 1.696679648000000119e+08 1.472697904000000060e+08 1.318044296000000089e+08 1.241142055999999940e+08
2.633980623999999762e+08 1.778939711999999881e+08 1.543452000000000000e+08 1.392927184000000060e+08 1.263279231999999881e+08
