1.015553546666666716e+08
9.179148000000000000e+07
8.763703466666667163e+07
8.062055733333332837e+07
7.197418666666667163e+07
6.998104533333332837e+07
7.663309466666667163e+07
7.963822933333332837e+07
6.888580666666667163e+07
6.470517200000000000e+07
7.080199733333332837e+07
6.769545866666667163e+07
6.602314000000000000e+07
6.239599866666666418e+07
5.754922000000000000e+07
6.217200666666666418e+07
8.953574533333332837e+07
5.843694133333333582e+07
6.056083600000000000e+07
6.415679600000000000e+07
6.097424533333333582e+07
5.464130933333333582e+07
5.772445200000000000e+07
6.245329066666666418e+07
5.770708533333333582e+07
6.583773333333333582e+07
5.465909333333333582e+07
5.547600666666666418e+07
5.180386666666666418e+07
5.595110000000000000e+07
6.008822266666666418e+07
5.525862266666666418e+07
5.149558133333333582e+07
5.494900000000000000e+07
5.239141200000000000e+07
4.817266400000000000e+07
4.988842400000000000e+07
5.215930533333333582e+07
6.404338533333333582e+07
4.821456000000000000e+07
4.974657733333333582e+07
5.098683600000000000e+07
5.553566933333333582e+07
5.309156000000000000e+07
4.740225600000000000e+07
5.109110000000000000e+07
5.599416666666666418e+07
4.724712533333333582e+07
4.563997333333333582e+07
4.481220266666666418e+07
4.763416933333333582e+07
4.799440933333333582e+07
4.616448533333333582e+07
4.365873466666666418e+07
4.375056000000000000e+07
4.811216266666666418e+07
4.566407466666666418e+07
4.675437066666666418e+07
4.102368933333333582e+07
4.140313200000000000e+07
4.486752666666666418e+07
3.941062133333333582e+07
4.141312800000000000e+07
4.005589200000000000e+07
4.246078133333333582e+07
4.884497066666666418e+07
4.171837600000000000e+07
3.761680266666666418e+07
4.323948533333333582e+07
4.082311600000000000e+07
3.813907733333333582e+07
3.780347866666666418e+07
4.219108533333333582e+07
3.759672133333333582e+07
4.030126800000000000e+07
4.944847600000000000e+07
3.886213600000000000e+07
3.734005466666666418e+07
3.869137066666666418e+07
3.745773600000000000e+07
3.845037066666666418e+07
3.640344533333333582e+07
4.012751866666666418e+07
3.675904000000000000e+07
3.498077000000000000e+07
4.090269733333333582e+07
3.559657533333333582e+07
4.199673600000000000e+07
3.720618400000000000e+07
3.751223066666666418e+07
3.925858400000000000e+07
3.529771933333333582e+07
3.952897866666666418e+07
3.628621866666666418e+07
3.596936000000000000e+07
3.969559066666666418e+07
3.434205666666666418e+07
3.792502800000000000e+07
3.850888400000000000e+07
3.625858133333333582e+07
3.733513200000000000e+07
3.492793066666666418e+07
3.441001066666666418e+07
3.718653733333333582e+07
3.532163933333333582e+07
3.581319133333333582e+07
3.915057200000000000e+07
3.433694400000000000e+07
3.472402533333333582e+07
3.958873333333333582e+07
4.074491066666666418e+07
3.817541133333333582e+07
3.688951866666666418e+07
3.764267800000000000e+07
3.801000000000000000e+07
3.628427066666666418e+07
3.718768666666666418e+07
3.879611200000000000e+07
3.968790800000000000e+07
3.529201733333333582e+07
3.452763133333333582e+07
4.278828266666666418e+07
3.627587133333333582e+07
3.473475000000000000e+07
3.648489800000000000e+07
3.603217866666666418e+07
3.633774133333333582e+07
3.600639600000000000e+07
3.519096266666666418e+07
3.675931466666666418e+07
3.599546400000000000e+07
3.465202666666666418e+07
3.559497600000000000e+07
3.509972533333333582e+07
3.675430800000000000e+07
3.502273600000000000e+07
3.401455400000000000e+07
3.860598400000000000e+07
3.789400933333333582e+07
3.459376933333333582e+07
3.599393466666666418e+07
3.493381800000000000e+07
3.555405866666666418e+07
3.675019466666666418e+07
3.541647066666666418e+07
3.686425066666666418e+07
3.563131600000000000e+07
3.702084866666666418e+07
3.586781200000000000e+07
3.507360466666666418e+07
3.463475333333333582e+07
3.359837400000000000e+07
3.490828200000000000e+07
3.756713066666666418e+07
3.541857733333333582e+07
3.372824866666666418e+07
3.640390333333333582e+07
4.387168933333333582e+07
3.543586133333333582e+07
3.548657333333333582e+07
