1.415633940754145384e+06
3.239701214875224046e+06
5.735728129308470525e+06
4.129693176645666827e+06
1.709563620217094431e+06
1.038755369641529745e+06
5.705141516690284014e+06
6.076656244980933145e+06
4.095651232737692539e+06
1.019218145576304058e+06
7.995008116862366907e+06
6.780829529591724277e+06
6.315498589385323226e+06
2.609837770500773098e+06
7.300519343827534467e+05
3.000676727268330753e+06
3.106019887965521589e+07
6.526207976268540369e+05
1.686534749940639129e+06
4.327684772761220112e+06
3.035017470786691178e+06
5.366015330694131553e+05
1.092422051892643562e+06
7.012193294666212052e+06
3.755037091396272648e+06
1.085692850727628358e+07
1.719814905048925430e+06
2.104881320134805981e+06
1.175294525203127414e+06
1.851998344605451915e+06
2.937985408204593696e+06
2.507442790551716462e+06
8.921477318212371320e+05
4.829682196158252656e+06
3.414184361503637396e+06
1.055156602688593091e+06
7.300389364301058231e+05
2.880556703763431404e+06
8.663260217775240541e+06
1.201162123281172011e+06
2.229388495510920417e+06
1.634544548326536315e+06
3.459811283064888790e+06
7.771024424359335564e+06
9.994573458939272678e+05
2.430309718695129734e+06
6.654124686363821849e+06
2.782244113986006472e+06
8.667040024378437083e+05
2.479396397760641295e+06
1.200076675071129808e+06
3.459351262295930181e+06
5.602746141638442641e+05
2.473760774790571071e+06
2.845326779692858458e+06
1.925060737485905644e+06
3.958798114889809396e+06
4.647096811111978255e+06
2.049272638507407159e+06
2.719716276982827578e+06
4.362696263223364949e+06
2.888567465172851458e+06
1.985408061997667421e+06
2.242577868366076145e+06
1.654423056166442344e+06
4.569094382917375304e+06
3.053898499926937744e+06
1.681355233284282731e+06
3.317743672974015586e+06
4.853053710040033329e+05
1.018820444056971581e+06
1.291646162241725484e+06
2.280179721363890916e+06
1.631385630165691546e+05
5.679320914150211960e+06
9.209842631833691150e+06
6.923968570735524409e+05
5.835812759634352988e+05
9.550109180397422751e+05
8.438274090863210149e+05
2.440788164588734508e+06
9.478034831203731010e+05
2.050366371848482871e+06
7.021975216741607292e+05
1.031118454371433239e+06
4.996969007803208195e+06
1.819048603098639287e+06
3.193784053898029961e+06
6.001453882829837967e+05
1.356195107964107767e+06
3.078413686812955420e+06
1.414991460711257299e+06
4.094219778028097469e+06
7.605480973520199768e+05
1.162941554262007354e+06
3.753826005356017500e+06
1.299110740814312594e+06
9.752690268843772355e+05
3.081324597914345097e+06
1.810512082679127110e+06
8.088596652011604747e+05
7.033368740599660669e+05
8.494746970886053750e+05
7.157626925039082998e+05
1.359852823321864009e+06
1.243747745397666004e+06
2.490268467805027962e+06
3.411671021498604678e+05
1.026783140935048927e+06
2.424457693241200875e+06
4.351128536900028586e+06
2.825880994909807574e+06
1.805259724605237599e+06
2.811826525751781650e+06
2.722861858178878669e+06
9.812671090879270923e+04
1.082933116990046576e+06
3.866261324272843543e+06
1.954253908065513941e+06
1.437760317568652099e+06
9.138775578382720705e+05
6.131505594505081885e+06
1.414196028282893589e+06
1.437387247067864286e+06
2.699583245885927696e+06
1.392982706420211820e+06
1.337628659711572574e+06
1.612716624129608274e+06
1.063623795971321873e+06
1.592550284408557694e+06
1.572043299456263194e+06
1.263662162055103108e+06
1.244764433041583048e+06
1.426644122991356999e+06
2.768467716072075418e+05
3.283355108503089286e+05
3.680137435386528377e+05
2.462138072867022362e+06
2.246785527352750767e+06
8.708625900652245618e+05
1.134313223738683620e+06
1.270016792296857806e+06
1.725667819978238316e+06
1.312553471332036192e+06
4.805004978108185460e+05
1.744827842689867597e+06
1.241610878103119787e+06
2.194036408639362548e+06
1.274960307625823189e+06
9.634373772282474674e+05
8.332439969895440154e+05
1.364592281520503573e+06
1.359140650258586742e+06
2.377595511102013756e+06
1.640020736345868499e+05
1.427224470826428151e+06
2.601463502884567715e+06
4.961915742554459721e+06
1.458084082313194871e+06
1.176803373866301961e+06
