1.475551049935863723e-01
7.331498955388386918e-01
4.191963743600117809e-01
6.506769368046831925e-01
5.138894143742540610e-01
8.524188487388555391e-01
-9.462667278999923326e-01
9.415538553009723532e-01
9.326788441653044437e-01
6.893998938014640476e-01
1.092413974024264434e-01
-3.293836418235034369e-01
1.107693211666063604e+00
1.075600649984467694e+00
8.609804983446887050e-01
-1.351398472964779884e-01
-8.999566969615891976e-01
-8.799921040228186886e-02
7.122942973972470337e-01
-9.760657269906783950e-01
2.840067951224463094e-01
-2.378752630231931731e-01
6.350332925328490141e-01
9.783434686404759439e-01
8.663035207171463359e-01
1.105411151229373612e+00
-6.626404360554838391e-01
8.182103462922618586e-01
9.514978188199689768e-01
8.644199992487264783e-01
5.231726123149711416e-01
1.031834287424130636e+00
7.369976931324240255e-02
3.552367599802457310e-01
1.813095088363239071e-01
1.039974241230993801e+00
-2.776135912977043541e-01
7.329954560688165532e-01
3.801927875590682682e-01
9.193546221529844686e-01
1.087406026792581137e+00
2.577420186931047574e-01
-5.641487949474908170e-01
4.899989019067580998e-01
2.177681133130260349e-02
-8.258507090059999944e-01
-8.877169110583048584e-01
5.913545104332753599e-01
1.759533160709925159e-01
-9.661394679937898022e-01
7.452414130507107881e-01
2.003889734290245084e-01
-1.427110525504730054e-01
-4.656702553952122292e-01
4.398794021091720907e-01
9.618413626841126884e-01
9.940837865347660340e-01
6.523456651767611802e-01
6.190018886534320863e-01
1.751572057646622049e-01
2.128581943731067128e-02
5.071982616500025909e-01
3.051976302025138921e-02
-3.849370495353882093e-01
2.347359276074207912e-01
3.508177439297341937e-01
8.860191326120310240e-01
9.815838586239364894e-01
-9.540039676174995043e-01
3.108422629931826275e-01
2.789099826646435076e-02
7.036497959701311089e-01
1.070665113338487462e+00
8.896712573115173051e-02
7.365916091330975135e-01
3.463006121116538605e-01
-1.737157206569306389e-01
5.393280396425645939e-01
7.146157901955652036e-02
-9.888597606544990981e-01
7.258732682771158462e-01
4.307388424986309250e-01
8.631991386493567120e-01
-5.246168361534192526e-01
7.805988679519830775e-01
9.499552028309505847e-01
3.102621520568007440e-01
8.577108464900509155e-01
7.965081173909938084e-01
3.347790559484113970e-01
5.636488928888618855e-01
6.918409747838507595e-01
4.079832943554300151e-01
2.331643746544906914e-01
1.041979456924740255e+00
2.250375863444162849e-01
7.194571687765649592e-02
9.584747534978799166e-01
-2.781705566973583510e-01
-6.108652391655609026e-01
9.812757785399330857e-01
7.825888203080275662e-01
2.051526137468326905e-01
1.618101132112454987e-01
1.076043254501484636e+00
-1.441239147118134056e-02
9.884858366919466732e-01
8.072425922404473653e-01
7.184690357272938144e-02
5.482438128910649411e-01
-2.251132112024678555e-01
5.363867793231960057e-01
5.420878427248962961e-01
7.276361680591292291e-02
3.158901342791091693e-01
7.196548134935685237e-01
7.320878219072379789e-01
2.855468320149232575e-01
1.183999908514827837e-01
3.962725018096242557e-01
4.308045248846930075e-01
9.296689946897134238e-01
3.957016017793362206e-01
8.179751363252085739e-01
-4.298798071114960928e-01
2.751961359080679070e-01
8.201092792724016256e-01
9.100030150110383076e-01
9.136136394138727468e-02
6.912846580551559317e-01
3.215843725082871973e-01
1.841452498411497718e-01
-9.792085839774278266e-01
1.018387879542037577e+00
6.526154555052916528e-01
5.148869017391997094e-01
-3.491753893385950436e-01
1.018849109318268997e+00
2.175691097265302076e-01
-5.796433863248904306e-01
5.974253817328847305e-01
3.868225118751777991e-02
3.412669117802549223e-01
-3.117906999185623418e-01
2.667005564778586191e-01
-8.653081165267761943e-02
-6.424900866532514687e-01
7.186657567827643422e-01
-8.004256082765408564e-01
2.003225480362031963e-01
2.248879631905746912e-01
9.873799687676858561e-01
7.828039489296763076e-01
3.636788998616866664e-01
-9.377193858863660525e-01
-3.862829526866317087e-01
3.156504248887670450e-02
2.193227320767485722e-01
8.411802431028949645e-01
7.542276089735853173e-01
-4.723841460694776506e-01
3.444085186525902564e-01
1.012472135424126840e+00
7.827415969782656191e-01
2.274304106014914950e-01
1.023467623020734241e+00
-8.780840923533583808e-02
1.643093177362462409e-01
-2.901325567451084053e-01
1.076339458015654671e+00
9.941358012064926974e-02
-9.629537611369622940e-01
9.496786321677390674e-01
5.707758753011451525e-01
-3.011494092049381566e-01
7.994732815877583221e-01
7.906995650173787027e-01
9.584420696876296830e-01
1.061031217814877525e+00
-7.708570778332707318e-01
1.097023694121446180e+00
-1.192134595224696447e-01
2.928237463646918837e-01
3.169610422703579289e-01
-9.714607424657032420e-01
-7.540338538596766949e-01
6.749680972569143123e-01
7.363230587107720826e-01
-5.023658625180238424e-02
1.068126481014238571e+00
-3.158613577239199888e-02
2.528794807367933384e-01
9.386101880659662999e-01
8.814713690991706763e-01
4.806459258171482674e-01
1.638069547048588426e-01
-6.792793352920323269e-02
-7.378939486623434796e-01
5.862774152238698910e-01
7.823453740407106949e-01
9.530265310448844396e-01
5.209848675486055125e-01
-4.570137749748915956e-01
4.499819564230305158e-01
1.601461083286275233e-01
1.092421033602366087e+00
9.223217625749529081e-01
6.565659160531875926e-01
9.687034337322584232e-01
9.742643159826058774e-01
2.700501816063800575e-01
5.515741097841440066e-01
-7.436970062838366147e-02
7.369287631946925821e-01
-7.464421249415260640e-01
1.033566602091511299e+00
-8.839415935251802026e-01
1.857448630840707882e-01
5.953566682097015672e-01
4.679938395660008243e-01
2.699010799300081143e-01
7.554793779946042953e-01
6.845630242965998757e-01
7.633950497473278585e-01
-7.047918626766569439e-02
-5.382063988466612159e-01
4.969584347517870260e-01
7.433306766940861454e-01
3.241529902024087306e-02
1.096169353297967497e+00
-2.559065648979900187e-01
2.180762495319312766e-01
-9.115640264762537859e-01
6.698034456733421571e-01
-8.401226741697243039e-01
8.505235405128068749e-01
2.548944599803242284e-01
5.599678587723737611e-01
1.037089795100979206e+00
6.216237374845052788e-01
1.064806881046903353e+00
1.050635956567367746e+00
1.853191755502687776e-01
4.366517826517930523e-01
3.733350764094047758e-01
8.788030571513858469e-01
-1.877773039140495648e-01
7.618824560502845955e-01
6.880494193970749794e-01
9.312825338767780625e-01
1.008602263411921829e+00
-8.937018944849759450e-01
-8.697189816714822053e-01
2.535826056919541216e-01
7.085331338130753664e-01
9.742480283417489506e-01
4.328738426841494125e-01
9.574186142053220383e-01
1.066298579773548916e+00
1.664065905636655796e-01
5.255311234273500887e-01
7.666773162889399806e-01
8.572159901389873049e-01
7.605216492449566879e-01
-9.767890648795303221e-01
7.019908600441575608e-01
7.136298674199987868e-01
9.649058683539659675e-01
-3.967181619001843851e-01
4.052436831778334358e-01
2.690379172007657527e-01
1.068036311000550853e-01
-1.880639325436657128e-01
2.046894317375518302e-01
6.457159351863330787e-01
8.964026329186796094e-01
5.072473882731214356e-01
-8.279552798645658518e-01
8.256667157322661321e-01
-2.082637266503145623e-01
1.804386552236341146e-01
8.526009650318526756e-01
1.846811286073151148e-01
-7.899378386019515474e-01
6.916425638166903145e-01
1.067010707896017152e+00
7.554635502499835731e-01
8.510035983219450539e-01
1.089855576447978258e+00
-9.383873014240091681e-01
-1.485581533911978225e-01
1.658670471644985156e-01
-3.971863060915150623e-01
8.912540570711460219e-01
9.768994711612399851e-01
8.590074927150208595e-01
-8.904872549915018309e-01
8.682349138645182318e-01
1.101045679089263096e-01
3.389398492466539903e-01
3.384534581227409689e-01
6.075908274517800578e-01
9.455502683035095224e-01
9.588592994271223358e-01
-3.249776067588329154e-01
3.866935551195258558e-01
3.205774261139746617e-01
2.928075917156116592e-01
6.695871046311139274e-01
-2.712954977572552551e-01
-9.978918207881904978e-01
-9.133271983726820586e-01
9.103122932703362480e-01
-2.952330483796636873e-01
1.040764380901952002e+00
5.203536772861967474e-01
6.306675542333943785e-01
6.071143412488659852e-01
7.448799163664474587e-01
-2.162333843271585510e-01
7.090499983057727551e-01
8.632747959744417887e-01
1.400078629723437995e-01
1.002012899451944161e+00
6.668264955111828929e-01
8.499978830220691339e-01
-4.863783073230498744e-02
-4.195913887613264004e-01
-5.121163442428777746e-02
-2.993447219358869038e-02
6.360952716128824846e-01
2.452708510059351532e-01
9.584848905628415849e-01
3.296808776065061064e-01
8.848829671502893568e-01
6.571559672511284589e-01
-3.156664090877160378e-01
5.756934514834195493e-01
8.543064489707423714e-01
6.076276948199699213e-01
8.657733188491913978e-01
9.346798386868502284e-01
7.601229339071480240e-03
6.793278983164692253e-01
6.464433898729768924e-01
5.891611047522804512e-01
5.845513921937992574e-01
1.066669000581485616e+00
1.024579920740009698e+00
7.333164497121744674e-01
9.109840393940971115e-01
6.138507187424699918e-01
1.738656331769785623e-01
4.419057811850375384e-01
7.958350935318523334e-01
9.834512487681674742e-01
-5.138193333513643157e-01
9.584380815216788640e-01
3.023316137591134378e-01
-3.167584213381345881e-01
5.497051766907352643e-01
-9.652002749410009130e-01
7.429647479683614275e-01
3.210578519069047232e-01
4.767636249378881530e-01
5.030807559146595054e-01
-1.798868827861920261e-01
5.915446880562948984e-01
4.330968148911014115e-01
-4.285819849983412144e-01
9.975590435064263239e-02
1.064939324016906941e-01
-8.120219392573124750e-01
6.836437064119578189e-01
9.059061744318555043e-01
9.665770552417600747e-01
9.707248765886264952e-01
8.273895768245542737e-01
5.066840716951075407e-01
7.205294392834986628e-01
-5.176970423786797504e-02
1.048887430930343978e+00
-7.332286993023606758e-02
1.063395650001245585e+00
-1.001569415950484654e+00
-2.644095219670241637e-01
1.092678265666096937e+00
-7.368590431534206564e-01
1.503736643435082954e-01
3.227174197047029125e-01
1.075737889277517567e+00
1.088777068972919260e+00
6.435589908436674111e-01
1.020407438972684044e+00
9.809932434241597221e-01
3.737432925961738928e-01
3.484727481294680462e-01
-3.631842519217398646e-02
-2.546142167989817739e-01
8.800041286770128313e-01
-1.416276147977049149e-01
1.066254749369063948e+00
1.033914079944560971e+00
9.683717275749912368e-01
-2.982482483405679563e-02
-1.022130582884105410e-01
9.062831752551299136e-01
8.484577643104107558e-01
8.229000465712041912e-01
1.691658941005835803e-01
8.298281864441119371e-01
4.152285124179921905e-01
8.682274524224316004e-01
5.206442720145147973e-01
5.609836155377831979e-01
-8.490805916926320585e-01
5.332830452162058421e-01
8.175866652087993014e-01
6.702161808262279141e-01
1.068035974771862850e+00
1.032237580676337529e+00
-1.452075749189736253e-01
-6.317290235414314559e-01
8.654422775298198367e-01
-9.707118057283857793e-01
1.289253683634890013e-01
3.201979070059495225e-01
1.071838618305496649e+00
-2.966471166876205601e-03
7.293605354903895943e-01
-8.556518293304352651e-01
1.275273762864481686e-01
6.393399749332386861e-01
8.601668537439470796e-01
-1.380246824389284033e-01
-3.437925142646796051e-01
1.057185066601815215e+00
9.713342972354799265e-01
9.343113451011548776e-01
2.549598171485984999e-01
4.259147189369563158e-01
4.065623399871263199e-01
9.090650459140601214e-01
7.732861341985870496e-01
-1.030259631610771498e-01
1.065894076917753175e+00
2.077820078193837183e-01
4.667419135748269721e-01
-1.008592079565661326e+00
-6.612136644498786131e-01
9.533854704250943612e-03
1.076049337313896181e+00
-5.806993017773542931e-01
1.096683302322004394e+00
6.384503481526633273e-01
-5.104060487064084883e-01
3.666332047283418216e-01
4.520670802358064400e-01
8.553976642428620103e-01
6.727424143014486546e-01
6.065259883069558100e-01
1.063825177815514778e+00
5.080323714613463881e-01
3.363357390416621406e-02
8.585030493088277037e-01
3.347217181259807273e-01
1.080320307573880978e+00
5.112797526659298430e-01
1.095883297445948479e+00
9.585910029674975519e-01
1.971767324908066943e-01
-8.994302256656411254e-01
-1.241016519378385086e-01
3.980931327775272255e-01
9.056712195057070591e-01
7.468151219554763909e-01
-3.655539086425060313e-01
3.889645735177000851e-01
7.845335053604303166e-01
5.686804651142498557e-01
3.035084795841547223e-01
2.430141664687393011e-01
4.498217285807062371e-01
-9.948796551091266815e-01
8.535093974149019491e-01
9.820638602543927398e-01
6.692979956627957971e-01
-1.706279973473656675e-02
1.097676173255165200e+00
6.161285640842100175e-01
-3.324566551045419205e-01
1.100548555810922480e+00
9.182482210770752662e-01
4.898972801151224576e-01
7.962796905345592702e-01
-3.051887827032804257e-01
-6.253358629690457526e-01
1.026955884834083843e+00
8.333002702495997394e-01
8.998263389657803479e-01
8.143284919137656619e-01
-3.459680246685516991e-01
2.729499326890931776e-01
8.603818805090621691e-01
6.854904764577203213e-01
7.951326928075252987e-02
-7.503062825128765656e-01
8.455065994750590175e-01
5.961279294615835500e-01
-4.687524238415733402e-01
-4.917526617723434468e-01
3.406144999568876397e-01
5.031674015753382356e-01
-6.317345929309101660e-01
2.878726113503673467e-01
-7.177691324733048717e-02
-5.539466656064778727e-01
8.314023360588254086e-01
5.535932830222007883e-01
-7.536221375548073365e-01
5.480766900923152996e-01
8.065172495663279761e-01
-1.136515493901139040e-01
-4.315893439728503145e-01
8.446556569732499575e-01
6.709338647087619290e-01
-5.784330200187324245e-01
5.551078357766066063e-01
5.769610137008487349e-01
6.415594772974797522e-02
1.002282740966945251e+00
9.731677742587019342e-01
-4.301352269345007917e-01
5.204519780932541639e-01
1.032384406363355822e+00
9.255819081476213128e-02
-5.975995930704369741e-01
-6.492277998891329283e-01
9.725905058298756067e-01
3.221965296789248701e-01
1.363176267691152965e-01
1.228311009153533195e-01
3.201728038256292930e-01
-9.811166148942156440e-01
1.031447562841202537e+00
1.027844945557899514e+00
-4.078246424909669487e-01
1.813694555153329002e-01
1.663494718786777682e-01
-4.475057496798898748e-01
8.223626941545407742e-01
-2.776226239034138565e-01
9.126909605496660305e-01
-4.767789432043377795e-01
-3.616672416725954520e-01
-9.854179758126553335e-01
2.512430168252910434e-01
-4.834098654662983829e-01
-1.798934069035023064e-01
-5.615624173111510853e-01
8.905889964794502234e-01
2.324476227449823185e-01
1.029655823277047855e+00
8.289550438274650990e-01
-1.661759685164850842e-01
7.833644688355194674e-01
-7.351187480273850827e-01
9.999432098218417053e-01
1.939729687948663628e-01
5.858443814736051802e-01
1.391797430526133805e-01
1.943399848890117187e-01
5.052295894279357213e-02
6.569318919300952686e-01
-9.613343331102659484e-01
9.953980155550419262e-01
9.779149523315113779e-01
9.469398862601083877e-01
-1.538821496504864106e-01
1.042167495243714104e+00
-2.124108946447003099e-01
4.925381081117130577e-01
-6.609296771736543619e-01
8.487911205693170480e-01
4.542482397155267471e-01
4.377386636029616529e-01
-5.867200447996994139e-01
5.357967276719739491e-01
2.458398547041351634e-01
1.677674720087818372e-01
8.840345587317610665e-01
8.780098356953593974e-01
2.254042121051165193e-01
1.053175493821853603e+00
-4.796479353606052376e-01
-2.499410250131853806e-01
6.729184393159641786e-01
9.944586520040106237e-01
-9.318888357603416495e-03
-8.782283179145424779e-01
3.226923691635295022e-01
4.113947927640537738e-01
3.442038885954223915e-02
1.075725830880970513e+00
8.094572739306988840e-01
-4.533004723318868612e-01
-8.681522225526029368e-01
1.083728244551329656e+00
7.588261728641307879e-01
-2.620718243225550470e-02
-4.862722353336497161e-01
1.865271837340496397e-01
8.620831004344347015e-01
5.554430717029557041e-01
9.914457609591820209e-02
1.091495655471071302e+00
-3.734721209455749147e-01
3.437578552562621237e-01
9.349946142755596323e-01
4.358654116702376236e-02
1.016294782509510775e+00
9.915878340945174507e-01
1.067929958939164869e+00
8.308573594142603103e-01
1.073832109585588945e+00
3.671455158023901877e-01
1.106155052727088250e+00
1.087849866793739295e+00
1.003889598467337940e-01
9.662481382269665353e-01
4.721388217575006596e-01
1.075789607393749403e+00
1.048281336314891732e+00
4.983880155370141729e-01
3.016126900221569596e-01
-3.325178424986063863e-02
1.682087638101681382e-01
6.111172117531318282e-01
3.674515216337426171e-01
9.826502201858637875e-01
4.615517232341095344e-01
-2.882044122101138361e-01
8.441254611275572639e-01
-2.016183134262116150e-01
7.691928137595198667e-01
2.852965108229768010e-01
7.977375596883469200e-01
4.847187185982499980e-01
9.184876880178678427e-01
6.985881631719041973e-01
4.569725050153252699e-01
-5.720810505904125876e-01
9.198815293810214122e-01
6.808701975103164106e-01
3.048415618050301923e-01
4.902510397514943108e-01
8.334670436976627794e-01
9.590089339769927168e-01
8.395911264356581416e-01
-3.639588532833465395e-01
1.024727374378433531e+00
5.825129078654898152e-01
9.623524647709857938e-02
9.276411098491343932e-01
6.917867006196583013e-01
-9.220513432637165163e-01
7.924973231284229147e-01
1.000890922757231571e+00
-6.433402822740974525e-02
5.179962804199231829e-01
-7.814629565983004511e-01
-5.477937267542317690e-01
2.677075537685444928e-01
6.105239080782711714e-01
4.983342074879673067e-01
-5.572250679563217624e-01
1.935083540814643843e-01
8.517333247009042374e-01
9.469423048767535711e-01
9.201362182948327195e-01
4.255174965696513212e-01
3.263403108551474752e-01
3.155774593245288528e-01
-5.010404547164688527e-01
3.506119899432693643e-01
6.202313910708607825e-01
4.643644230158612274e-01
-6.826876781990360854e-01
2.914194129155205371e-01
5.004241867705756519e-01
1.079779807496985100e+00
-2.466684705437749425e-01
-1.000131981527845104e+00
7.120139340717750454e-01
1.049940293452174878e+00
1.074812036938990190e+00
-5.166010493566921546e-01
1.030434257556080535e+00
-1.259465444650167409e-01
2.556781090544082424e-01
2.132746666067051322e-01
-7.437139378105331877e-01
7.523528062563853425e-01
-9.265086200578095399e-01
2.709298566602740266e-01
1.101778247670416544e+00
9.811031933183742559e-01
1.060182140158704822e+00
7.986285018653638268e-01
1.985025776356477145e-01
9.029358006323340291e-01
-8.560448795291663027e-01
9.946464917757462665e-01
1.056798498319516444e+00
8.317058294937933471e-01
4.569950294647151523e-01
9.294194637421611116e-01
-4.205825606443427400e-01
2.203210464261180501e-01
-1.941946066944181259e-01
6.842324440601017521e-01
1.017668603249146209e+00
1.399351234924033349e-01
8.414516921897725599e-01
2.478379016605993801e-01
7.770098010928705445e-01
2.440869712706961181e-03
-3.029069645657571641e-01
9.853336955773821515e-01
4.623345152288123039e-01
8.791109886675174678e-02
-4.181310242419312706e-01
-1.900771015027020727e-01
-1.607065623178972613e-01
6.895024027179825765e-01
1.913746165337391059e-01
-4.762939728663528882e-02
3.790456058947948570e-01
6.757101212713172433e-01
8.824567665256572990e-01
5.778586993472791811e-01
-1.513188497482516048e-01
-9.391940409967733938e-01
9.897754058563434931e-01
1.009917242430939943e-01
8.831943615561308469e-01
-2.231391851673800719e-01
7.496227042112739714e-01
9.901008881803177175e-01
1.016273728862146619e+00
1.084804301758193645e+00
7.230969547087038318e-01
2.461904067334070856e-01
7.608067245550218516e-01
6.632338310853540531e-01
1.022630147416402124e+00
3.620946673825755635e-01
-6.585382571014747333e-01
7.825149228970773585e-01
-1.144339557503843974e-01
5.756474733846856928e-01
5.576241576730580629e-01
1.020898053893370516e+00
6.894650122534549119e-01
5.819004306157389284e-01
-8.409352822842827146e-01
8.876223085366830023e-01
8.899488014598206931e-01
9.688004323935883733e-01
-4.154415774231798864e-01
1.850099319893940830e-01
7.787703757280683980e-01
-1.336810203270296649e-01
6.465749483581169077e-01
2.082312869167433078e-01
6.477871184130057358e-01
1.042813503467414638e+00
-5.608913251025398061e-01
-4.098585469194450104e-01
-6.485216002864704343e-01
2.215009894943196223e-01
-8.325730671534106175e-01
8.057951316662859131e-01
3.006233934055797530e-01
6.051603407078154362e-02
3.698577308757164950e-01
2.577185181729100272e-01
-5.463011472366912091e-01
1.008871342451292286e+00
-7.419752740508852584e-01
9.250368583216388441e-01
-5.190242273024928688e-01
-3.971681307555208207e-02
2.903532254623553133e-01
5.047675955856503194e-01
1.088718489402242806e+00
3.789613138912184542e-01
9.530659828562633162e-01
1.738460971871795824e-01
7.455614353357173929e-01
7.669173369719843869e-01
-4.709342462645815797e-02
8.131190126456002698e-01
-6.945859039700215121e-01
1.012587347458203446e+00
-3.860042839956683292e-01
2.308657934497568842e-01
